Labyrinth          
001110000011110000111111100011110001111111111111111000000000000111000001111111111111111100000000111111100000011110000111000001111000011100001111000111100001111000000111111111111000001111100000111111100000111111111000011111000
001110000111100000111110000001111011111111111111111100000000001111100000011111111111111110001111111110000000111110000111000001111000011100001111000011100000111100000011111111110000011111000001111111110000111111111100001111100
001110000111100001111100000001111111110001111111111110000000001111100000000001110000011111111111111100000001111110000111000001111000011100001111000011110000111110000001111111100000011111000011111111111000011111111100001111100
011110000111100001111000000001111111100001111110011111111111111111110000000000000000011111111111111000000011111110000111000001111000111110001111000011110000111111000000111111000000111110000011111111111100000011111110001111000
011110001111100011110000000001111111100000111100001111111111111111111000000000000000001111111111110000000011111110000111100011111000111110001111000011110000011111000000011100000000111110000111111001111100000000111100001111000
011110001111000011110000000011111110000000111000001111111111111111111100000000000000011111111111000000000111100011000111111111111000111110001111100001111000011111100000000000000001111100000111110000111110000000001100011111000
111100001111000011110000111111111000000001111000001111111111111100111110000000000000011111111100000000011111100001000111111111110000111111000111100001111000001111111000000000000111111100001111100000011110000000000000011110000
111100001111000011110001111111100000000001110000001111111111111000011111111111000000111110000000000000111111000001000111111111110000111111000111110000111100000111111100000000011111111000001111000000001111000000000000111110000
111100001111000011110001111111100000000011110000011111000000000000011111111111111111111100000000000111111111000001000111111111000000111111000111110000111100000011111111000000111111110000011111000000001111000000000001111100001
111100001111000011110001111111000000000111110000011110000000000000011111111111111111111000000000001111111110000001000001111100000000111111000011111000011110000001111111100001111111100000011110000000001111000111000001111100001
111100001111000011110001111110000000111111100000111100000000000000011111111111111111110000000000111111111110000001000000000000000000011110000011111000011111000000111111110001111111000000111100000000001111000111100001111000011
111100001111000011110000111110000011111111100001111100000000000000011111111011111111100000000011111111111100000011000000000000000000000000000001111100001111000000011111111001111110000000111100001110011111001111100001111000011
111100001111100011110000011100000111111111100011111000000000000000111110000001111111000000001111111111110000000111000000000000111100000000000000111100001111100000001111111000111110000001111000001111111111001111100001110000001
111110000111100001111000000000001111111111000011111000011111100011111100000000111100000000111111111110000000001111000011000001111110000000000000111110000111110000000011111000011100000011111000011111111111001111100001110000001
111110000111100001111100000000011111111111000111110000011111111111111000000000111000000011111111111000000000011110000111100011111111000000111000011110000111111000000001111000000000000111110000011111111111001111100001111000000
011111000111110000111100000000011111011110000111110000111111111111110000000000111000000111111111100000000000111110000111110011111111000001111000001111000011111100000000111100000000011111110000111111111110001111100001111100000
001111000011110000111111000000111110000100001111100000111111111111100000000001110000001111111111000000000001111110000111110011111111100111111100001111000001111111000000011100000000011111110000111110000100000111100001111111000
001111000011110000011111100000111100000000001111100001111111111111100000011111110000111111111110000000000111111110000111110001111111111111111100001111000000111111100000011110000000111111100001111100000000000111100001111111100
000111100011111000011111111000011100000000001111100001111100011111000001111111110000111111111000000011111111111111000111110000111111111111111110000111100000011111110000011111100000111111100001111000000000000011100011111111110
000111100001111000001111111000011100000000001111100011111000001110000011111111110001111110000000000111111111111111000111110000000001111111111110000111100000000111111000011111110000011111100011110000000000000011110111111111110
000111100001111100000111111100011110000000000111000011111000001110000111111111100001111100000000001111110001111111000011110000000000111110011111000111110000000011111100011111111000011111000011110000000000000011111111100011110
000111110000111110000001111100001111000000000000000111111000001110000111111111000011111000000000011111110000111111000011110000000000111100001111000011111000000001111110111111111000001110000011110000111110000111111111000011111
000011110000111111000000111100001111111110000000000111111000011100001111111110000011110000000000011111110000111111000011110001100000111100000111000011111100000000111111110001111100000000000011100001111111111111111110000001111
000011110000011111100000111110000111111111000000000111110000111100001111100000000011110000000001111111100000111111000011100001110000011100000111100011111111100000011111110000111100000000000011100001111111111111111100000001111
100011111000001111110000011110000111111111100000000111110000111100011111000000000111100000111111111111100001111111000011100011111000011100000111100011111111110000001111100000111110000000000011100001111111111111100000000000111
100001111100000111111000011111000011111111110000000111100001111100011110000000000111100011111111111111000001111110000011100011111000011100000011100011111111111000000111110000011111000000000011100000111111111110000000010000111
100001111100000111111000001111000001111111111100000011000001111100011110000000001111100011111111111110000011111100000011100001111000011100000011100001111111111100000011110000011111100111100011110000011111111100000000111000111
110000111110000011111100001111100000111111111110000000000001111000011110000011111111100011111111111100000111111000000111100001111000011110000011100000000111111110000011110000001111111111100011110000000011111000000001111000011
110000011111000001111110000111100000000011111111000000000001111000011110000111111111000111111111111000001111110000000111100001111100011111000111100000000000111111000001111000001111111111110001111000000000110000000001111100011
110000011111100000111110000111110000000000111111100000000011111000011110001111111111000011111111100000001111110000001111100001111100011111111111100000000000011111100000111100000111111111110001111100000000000000000001111100011
111000001111110000011111000011111000000000011111110000000111111000011110001111111110000011110000000000011111100001111111100001111100011111111111100000000000001111100000111110000011111111110001111110000000000000110001111100011
111100000111110000011111000011111100000000001111111000011111111000011110001111111100000000000000000000001111000001111111100001111100011111111111110000000000000111110000011111000000011111110000111111110000000001111000111100011
111110000011111000001111100001111110000000000111111111111111111000011110001111110000000000000000000000000000000011111111000001111100001111111111111111111000000011111000011111000000000111100000011111111100000001111000111100001
111110000011111100000111100000111111100000000011111111111111111100011111001111100000000000000000000000000000000011111110000011111000000011111111111111111110000001111000001111100000000001000000001111111110000011111000111100001
111111000001111110000111110000011111111110000001111111111100111100011111000110000000011100000000011100000000000111111000000011111000000000000001111111111111000001111100001111100000000000000000000111111111000011111000111100000
011111100000111110000011111000011111111111000000111111111000011100011111000000000000111111000001111110000000000111100000000111110000000000000000111111111111100000111100001111100011100000000000000001111111110111111000111110000
001111110000011111000001111000001111111111100000011111100000011100011111000000000001111111111111111111000000011111000000001111110000000000000000011111111111110000111110000111100011110000011110000000111111111111110000111110000
000111111000001111100001111100000111111111110000000000000000011110011111000000000011111111111111111111100011111110000000011111100001110000000000001111111111111000011110000111000111110000111111000000001111111111110000011111000
000011111000001111100000111110000011111111111000000000000000011110001110000000001111111111111111111111111111111110000000111111000001111110000000000000000011111000011110000111000111110000111111100000000011111111000000011111100
000011111100000111110000111111000000000111111100000000000000011110000000000011111111111111111111111111111111111100000011111111000011111111111100000000000001111100011110000111000011110000111111111000000001111100000000001111110
000001111110000011111000011111000000000001111100000000010000111110000000001111111111100001111111111111111111111000000111111110000111111111111110000000000000111100001110000111000011110001111111111100000000111100000000000111111
100000111111000011111000001111100000000000111110000001111000111100000000011111111111000000000100000011111111111000001111111100000111111111111111000000000000111100001111000111000011110001111111111111000000111000000000000011111
110000011111000001111100000111110000000000111111110011111000111100000000111111111111000000000000000000011111100000011111111000001111111111111111100000000000011100001111000111000011110001111111111111110000111000001110000011111
110000001111100000111110000111111000010000011111111111111000111100011111111111111110000000000000000000000000000000111111100000001111100011111111110001111000011110001111000111100011110001111111111111110000111000011111000001111
111000000111110000111110000011111000111000001111111111111000111000111111111111000000000000000000000000000000000001111110000000011111000000001111111111111100011110001111000111100011110001111110011111111000111000011111100000111
111100000111111000011111000001111000111100001111111111110000111000111111111100000000001110000000000000000000000001111000000000011110000000000011111111111100011110001111000111100011110001111100000111111000111000011111110000011
111110000011111000001111100001111000111100000111111111110001111000111111111000000000011111100000000000000000000011110000000000111110000000000001111111111100011110001111000111100011110001111000000111111000111000111111110000001
111111000001111100001111100000111000111110000011110111110001111000111111110000000000011111111111111110000000000011100000000001111100000000000000111111111100011110001111000111100011110001111000000011111000111000111111111000000
011111100000111110000111110000111100011110000000000011110001111000111111100000000000011111111111111111111111111111100000000111111100000000000000111110111100011110001111000111100011110001111000000001110001111000111111111100000
001111110000111110000011110000111100011111000000000011110001111000011110000000111100001111111111111111111111111111000000011111111000001111100000111100000000011110001111000111100011110001111000000001110001111000111000111110000
000111110000011111000011111000111100011111000000000001110000111000000000000001111110001111111111111111111111111111000000111111111000011111110000111000000000011110001111000111100011110001111000110000000001111000111000111111000
000011111000001111000001111000011100001111100000000001110000111000000000000011111111000111111111111111111111111110000001111111110000011111111000111000000000011110001111000111100011110001111001111000000001111000111000011111100
000001111100001111100001111000011110001111111100000001110000111000000000000111111111000000111111111111111111111000000011111111100000111111111000111000001000011110001111000011100011110000111001111100000011110000111000011111110
000001111100000111100000111100011110000111111111100001110000111100000000000111111111000000000000000111111111000000000111111110000000111111111000111000011100011110000111000011100011110001111001111100000011110000111000001111111
100000111110000111110000111100011110000011111111110001111000111100000011000111110111100000000000000000000000000000001111110000000001111001111000111000111110001110000111000011100011110001111001111110000111110001111000000111111
110000011111000011110000111100001111000011111111110001111000111110001111100111100011100000000000000000000000000000011111100000000011111000110000111000111110001110000111000011100001110001111001111111001111100001111000000011111
111000001111000011111000011100001111000001111111110001111000111111111111100011100011110000000000000000000000000001111111000000000011110000000000111000111110001110000111000011100001110011110001111111111111100001111000000001111
111000001111100001111000011110001111000000000111110000111000011111111111100011100011111000000000000000000000000111111110000000001111110000000001111000111110001110000111000011110001111111110000111111111111000001111000000000111
111100000111100001111100011110000111100000000011110000111100011111111111100011100011111111110000000000000000001111111000000000111111111000000001111000111110001111000111100011110001111111110000011111111110000011110000110000011
111110000111110000111100011110000111110000000011110000111100011111111111100011100001111111111111111111000000011111100000000111111111111100000001111000111100001111000111100011110000111111100000000011111100000011110001111000001
111111000011110000111100001111000111111100000011110000111100000000111111000011100001111111111111111111111001111110000000001111111110011110000011110000111100001111000111100011110000111111000000000000111100000011100001111000000
011111000011110000111100001111000011111110000011110000111100000000001111000011110001111111111111111111111111111100000000111111111100011111111111110000011100001111000111100011110000111110000000000000011100000111100001111100000
001111100001111000011100001111000001111110000011100001111100000000000000000111110000111111111111111111111111111000000001111111111100001111111111110000011100001111000111100011111000111100000110000000011100000111100011111110000
000111100001111000011110001111100001111110000111100001111000000000000000000111110000000001111111111111111111111000000011111111111100001111111111110000011100001111000111100011111000111100001111100000011100001111000011111111000
000111100001111000011110000111100000111110000111100001111000000000000000001111100000000000000111111111111111100000000111111100011100000111111101111000111100001111000111100001111000111100011111111000001110011111000011111111100
000111100001111000011110000111100000111110001111000011110000111100000000011111100000000000000000000000000000000000001111111000011110000011111000111000111100001110000111100001111000111100011111111100001111111111000111111111110
000011110001111000011110000111110000111100001111000011110001111111111000011111000000000000000000000000000000000000011111110000001110000011110000111111111100001110000111100001111000011100011111111110001111111110000111101111111
000011110001111000011110000111110000111100011111000111100001111111111000011111000011110000000000000000000000000000111111100000001111000011110000111111111110011110000111100001111000011100011111111110001111111110000111000111111
000011110001111000011110000111110001111000011110000111100011111111111100011110000111111100000000000000000000000000111110000000000111100001110000011111111111111100000111100001111000011100011111111110000111111000000111000011111
000011110000111000011110000111100001111000011110000111100011111111111100011110000111111111000000000000000000000000111100000000000111100001110000011110011111111100000111100000111000011100001110011110000111100000001111000011111
000011110000111000011110000111100001111000011110000111000011111101111100011110001111111111111000000000000000000000111000000111000111100001110000011100001111111100000111100000111000011100000000001110000111000000001111000011111
000111110000111000011110000111100001111000011110000111000011111000111100011110001111111111111111111111100000000000111000001111000011110001111000011100000111111100001111100000111000011100000000001110000111000000011111000011110
000111110001111000011110001111100011111000011110000111000011110000111100001110011111111111111111111111111111110000011000001111100011110001111000011000000001111100001111100000111100011110000000001110000111000000011111000001100
001111100001111000011110001111000011111000111110000111100011100000011100000100011111000111111111111111111111111000011100011111100011110001111000011100000000111110011111110001111111111110000000001110000111000001111111000000000
011111100001111000111100001111000011111000111110000111100001000000011110000000011111000001111111111111111111111100001100011111100011110001111000011100000000011111111111111011111111111111000000001111000111100011111111000000000
011111000001111000111100001111000011111000011110000111100000000000011110000000011110000000111111111111111111111110001110111111100011110001111000011110000000001111111000111111111111111111110000011111001111111111111111100000000
111110000001111000111100001111100001111000011110000111100000000000011111000000011110000000001111111111111111111110000111111111000011110001111000011111111000000111111000011111111111111111111111111111111111111111111111100000000
111100000011110000111100001111100001111000011111000111110000011000001111110000011100000000000000000000000001111111000111111111000011110001111000011111111100000011110000011111000111100011111111111111111111111111101111110000011
111000000111110000111100001111100001111000001111000011110000111100001111111000001000000000000000000000000000111111000111111110000011100001111000111111111110000011110000011110000000000001111111111001111000111110000011111111111
110000001111110000011100000111110001111100001111000011110001111100000111111100000000001000000000000000000000001111000011111000000011100001111000111100111111000001110000011110000000000001111111110001111000011100000001111111111
110000011111100000011110000011110000111100000111100011110001111110000011111110000000011100000000000000000000000110000011110000000111100001110000111000011111100001110000011100000000000001110011110000111000011100000000111111111
110000111111100000011110000011110000111100000111100011110001111110000001111111100000011111000000000000000000000000000011100000001111100001110000111000001111100001111000111100000000000001100001110000111000011100000000111110011
111001111111100000111111000001111000011100000111100011110001111111000000111111110000011111100000000000000000000000000011100000111111100001110000111000001111100001111000111100001100000011100001110000111000011100000000011100001
111111110011100000111111100001111000011100000111100011110001111111100000011111111000011111111111111111111110000000000111100001111111100001110000111000000111100001111000111100011111000011100001110000111000011100000000011100000
111111100001110001111111100000111000011110000111000011110000111111110000000111111100001111111111111111111111100000000111100001111111100001111000111100000111110001111000111100011111100111100001110000111000011110111100011100000
011111100001111111110011110000111000011110001111000001110000111111111000000011111100001111111111111111111111110000001111100011111011110001111000111100000111100001111000111100011111111111100001110000111100011111111100001100000
001111000001111111110001110000111000011111111111000001110000011111111100000001111110000111111111111111111111111000011111100011110001110001111000111110000111100001111000111100011111111111100001110000111100001111111100001110000
001111000001111111100001110001111000011111111111000001111000000011111110000000111110000011111111111111111111111111111111100011100001110001111000011110000111100001111000111100011111111111000001110000111100001111111100011110000
000111000001111111100001111111111000011111111111000001111000000000111111000000011110000001111111111111111111111111111111000011100001110000111000011111000111100001111000011100011111111111000011111000111110001111111100011111100
000111000011110011100000111111111111111111111111100011111100000000001111110000001111000000000000000011111111111111111111000011100001110000111100011111000111100001111000011100000111111110000111111000011110000111111000011111110
000111000011100001110000111111111111111100000011110111111110000000001111111000000111000000000000000000011111111111000000000011100001111000111100001111000111100001111000011100000000001100000111111000011110000011111000111111110
000111000011100001110000111111111111111000000001111111111111000000001111111100000111000000000000000000000001111111000000000111100001111000111100001111000111100011111000011110000000000000001111111100001111000000000000111111111
000111000011100001110000111100011111110000000001111111001111110000001111111100000111100000000000000000000000011110000000000111110001111000111100001111000111100011111000011110000000000000001111111100001111000000000001111011111
000111100011100001111000111000001111100000000000111110000111111100001111111110000111111000000000000000000000001110000000000111110001111000011110001111000111100011111000011100000000000000011111111110001111000000000001110001111
000111100011100001111000111000000111000000000001111100000011111111011110011111001111111111111111111110000000001111000000001111110001111000011110001111000111100001111000111100011110000000011100011110001111000001000011110000111
000111100011100001111001111000000000000001000001111000000011111111111100001111111111111111111111111111110000000111000000001111110001111000011110001111000111100001111000111100011111100000111000011110001111000011100011110000111
000111100011100001110001111000000000000111110011111000000011111111111100001111111111111111111111111111111000000111100000111111110001111000011110001111000111100000111000111100011111111101111000001110000111000111100011110000111
000111100011110001110001110000110000001111111111110000000111111111111100001111111111111111111111111111111100000111111111111111100001111000001110001111000011110000010001111100011111111111111000001110000111000111100011110000111
000111100011110000110001110001111000001111111111100000001111110001111000001111111000001111111111111111111110000011111111111111100001111100001110001111000011110000000001111100011111111111111000011110000111000111110001110000111
000111000011110000000001110001111000011111111111100000111111000000111000001111100000000001111111111111111110000000111111111111000000111100001110001111000011111000000001111100011111111111111000011110000111000111110001110000111
000011000011111000000011110001111000011111001111000001111110000000111000011110000000000000000000000001111100000000000111111100000000111100000110000111100001111100000000111100000111111111111000011110000111000111110001110000111
100000000011111110000011110001111000011110001111000011111100000000111000011110000000000000000000000000011000000000000000000000001000011100000110000111100001111111000000011000000000000011111000011110000111000011110001111000111
100000000111111111000011100001111000111100000111000011111000000000111000011100000000000000000000000000000000000000000000000000111000011110000110000111110000111111111000000000000000000001111000011110000111000011110001111000111
100000001111111111000011100001111100111100000111000011111000000000111000011100000011000000000000000000000000000000000000000000111100011110001110000111110000011111111100000000000000000001111000011110000111000011110001111000111
110000011110001111000011100001111111111000000111000111110000000011111000111100001111111100000000000000000000000000000000000000111100001111111111000011111000001111111100000001100000000000111000011110000111000011110001111000111
110000011110000111100011100000111111111000001111000111100000111111111000111100011111111111111111111000000000001111111000000000111110000111111111000001111000000111111110000011111100000000111000011110000111000011110000111000111
111000111110000111100011110000111111111000001111000111100001111111111000111100011111111111111111111110000000011111111111100000111110000111111111000001111100000001111111001111111111110000111000011110000111000011110000111100011
111000111100000111100011110000011111110000011111000111100001111111110000111100111111111111111111111111000000111111111111110000011110000001111111100000111110000000111111111111111111110000111000011110000111000011110001111000011
111000111110000111100011110000001111110000111110001111100001111111100000111100111111111111111111111111110011111111111111111000011111000000001111110000011111000000001111111111111111110000111100011110000111100001110001111000011
111000111110000111100011111000000011100001111110000111100011111110000001111100011111000111111111111111111111111111111111111100001111000000000111111000011111100000000111111111111111110000111100001110000111100001111011111000001
111000111111000111100001111100000000000011111100000111100011111000000001111100011110000011110000000111111111111111111111111100001111100000000011111000001111111000000011111100000111110001111100001110000111100000111111110000001
111100111111000111100001111110000000000011111100000111100011110000000011111000000000000011100000000111111111111111111100011110000111111000000001111100000111111100000001111000000011110001111100001110000111110000111111100000000
111100011111000111100000111111000000000111111000000111100011110000000111111000000000000011000000000111100111111111111000011110000111111110000000111110000011111111000001111000000001110001111100001110000111111000011111000000000
111100011111000111100000111111110000000011111000000011100011110000011111110000000000000011000000000111000011111111110000001111000011111111100000111110000001111111100000111000000001110001111100001111000011111000011110000111000
111100001110000111110000011111111100000011110001100000000011100000111111100000000000000111000000001110000001111111100000001111100011111111110000011111000000111111110000111000000001110001111100001111000011111100011110000111000
011100000000000111110000001111111111000001100001110000000011100001111111000000000000001111000011111110000001111111000000001111100000111111111000001111100000011111110000111100000001100001111000001111000001111100001110000111000
011100000000000111111000000111111111100000000011111000000011100001111110000001111111111111000111111110000000111111000000001111100000001111111100001111110000000111111000111100000011110000110000001111100000111100001110001111100
011110000000000011111100000011111111110000000011111100000111100011111100000011111111111111001111111100000000011110000000000111100000000111111110000111111000000011111000011111100111110000000000011111100000011100001110001111000
011111000000000001111110000000111111111000000011111110000111100011111000000111111111111111001111111100000000011100000000000111000000000011111110000011111100000001111000011111111111110000000001111111110000011110001110001111000
011111100000000000111111000000001111111100000001111110000111100011110000001111111111111111001111111000001000000000001111000000000011000000111111000001111110000001111100001111111111111000000011111111110000011110001110001111000
011111111111100000011111100000000011111111100000111111001111100011110000011111111111111110000111110000011100000000011111000000000111100000001111100000111111000000111100001111111111111110000111111001111000011110001110001111000
001111111111110000001111110000000001111111110000011111111111000011110000111111000000111110000111000000111110000000111111000000011111100000000111100000011111100000111110000111111100111111000111110000111100011100001110001111000
000111111111111000000111111000000000111111111000001111111111000011100001111110000000000000000000000000111110000000111111000000111111110000000111110000001111110000011110000111110000011111001111110000011111111100001110001111000
000011111111111100000011111110000000001111111100000111111110000111100011111110000000000000000000000000111111000011111111000001111111100000000011111000000111111000011110000011100000011111101111100000011111111100001110001111100
000000011111111110000011111111100000000111111110000011111110000111100011111100000000000000000000000001111111111111111111000011111111100011000011111000000011111100001111000000000000001111000111100000001111111000001110000111100
000000000011111111000001111111110000000001111110000001111100000111100011111000000000000000000000000011111111111111111110000111111111000011100001111100000001111100001111100000000000001111000011000000000111111000001111000111110
000000000000111111100000111111111100000000111111000000111000001111100001111000011110000001111111111111111111111111111000000111111100000111110001111111000000111110000111110000000000001111000000000000000011110000011111000111111
110000000000011111110000011111111110000000011111100000010000001111000000100000111111100111111111111111111111111111110000001111110000000111110000111111100000111110000111111000001110000110000000000111100001110000011111000111111
111100000000001111110000000111111111100000001111110000000000011111000000000000111111111111111111111111110011111111000000001111100000001111110000111111110000011111000011111000011111000000000000000111100001110000011111000011111
111111100000000111111000000001111111111000000111111000000000111110000000000000111111111111111111111111100000111110000000001111000000011111110000001111111000001111000001111100011111000000000000001111110000110000111110000001111
111111111000000011111100000000011111111100000011111100000001111110001110000000111111111111111111111111000000000000000000001111000000111111110000000111111100001111100001111100011111100000111111111111110000111001111110000000011
111111111100000001111110000000001111111111000001111110000011111100011111000000011111111111110001111110000000000000000000001111000001111111100000000001111100000111100000111100011111100001111111111111100000111111111100000000001
111111111111000000111111000000000111111111100000111110000111111100011111110000000001111111000000000000000000000000000110001111000011111110000000000000111110000111110000111100011111100011111111111111100000111111111000000000000
001111111111100000011111110000000011111111110000011110000111111000011111111000000000001100000000000000000000000000001110001111000111111100000011000000011111000011110000111100001111000011111111111110000001111111110000011000000
000000111111110000001111111100000000011111110000011110000111110000011111111100000000000000000000000000001110000000111111001111000111111000000111100000011111000011111000111100001111000011111001111100000011111111000000111110000
000000001111111000001111111110000000000111111000001111000111110000001111111110000000000000000000000000011111110011111110001111000111110000001111111000001111100001111000011100001111000111110000111000000111111110000001111111100
000000000111111100000111111111000000000001111100001111000111100000000111111111100000000000000110000000111111111111111110001111000111100000011111111100000111100001111000011110001111000111100000111000001111111000000001111111110
000000000011111110000011111111100000000001111100001111000111100000000000111111111100000000011111110001111111111111111100001111000111100000111111111100000111100001111000011110001111000111100000111000011111110000000011111111111
000010000001111111000001111111100000000000111100001111000111100000000000011111111111100000111111111111111000111111000000001111000111100001111111111110000011110001111000011110001111000011100000111000011111100000000111111111111
000111000000011111100000000111100001110000011110001111000111000011100000000111111111110001111111111111110000001111000000001111000111100011111110111111000011110001111000011110001111000011100000111000111111000000011111110111111
001111000000001111100000000011100001111000011110001111000111000011110000000011111111111111111111111111100000000111000000011111000111100011111000011111000011110000111000011110001111000011100001111000111110000000111111100011111
001111000000000111110000000001110001111000011110001111100111000111111000000000111111111111111111111111100000000111000000011110000111000011110000001111100011110000111000011110001111000011110001111000111100000001111111000001110
001111000000000011110000000001110001111100001110000111100000000111111110000000001111111111111000011111000000000111000000111110000111000011110000000111100001110000111000011110001111000011110001111000111100000011111110000000000
011111000111000011110000000001110000111100001111000111000000000111111111000000000001111111110000001111000000000111000001111110000111000111100000000111100001110001111000011110001111000011110001111000111000000111111100000000000
011110000111000011110001110000110000111100001111000010000000001111111111110000000000011111100000001111000011000011100111111100001111000111100000000111110001110001111000011110001111000011110001111000111000001111111000000000000
011110001111100011110001110000110000111110001111000000000000011111111111111000000000001111000000000111000111000011111111111000001111000111100001000011110001110001111000011110001111000011110001111000111000011111110000000110000
011110001111100011110001111000111000011110000111000000000001111111001111111110000000001111000000000111000111100011111111110000001111000111100011100011100001110001111000011110001111000011110001111000111000011111100000011111000
011110001111100011110011111000111000011110000111100000011111111110000111111111110000000110000000000111000111100001111111100000011111000111100111100011100001110001111000011110000111000011110001111000111100111111000000111111100
011100001111100011100011111000111100001110000111100000111111111100000011111111111100000000000111000111000111100001111111000000111111000111000111100001000011110001111000011110000111000011110001111000111111111111000001111111100
111100001111000011100011111000111100001111000011110001111111111100000001111111111111000000001111000111000111100001111110000001111110000111000111110000000011110001111100011110000111100111110001111000111111111110000011111111100
111100001111000011100011111000011100001111000011111111111111111000000000011111111111000000011111000111000111100001111110000011111110000111000111110000000111110000111100001111000011111111100001111000111111111100000111111111000
111100011111000011100011111000011110000111100001111111111111110000000000000111111111100000011111100011000111100001111100000111111100000111000111110000000111110000111100001111000011111111100001110000111111010000000111111111000
111100011111000111100011111000011110000111100001111111000000000000010000000000111111100000011111100011000111100001111100001111111000001111000011111000001111100000111100001111100011111111000001110000111100000000001111100000000
111100011110000111100001111100001111000111100000111110000000000000111000000000001111110000111111100011000111100001111100001111110000001111000011111000011111000000011110000111100001111100000001110000111100000000011111000000000
111100011110000111100000111100001111000011110000111100000000000000111100000000000011110000111111100011100111100001111100001111100000011111000001111100111110000000011110000111100001111000000011111000111100000000011110000000001
111100011110000111100000111100001111000011110000011100000000000001111110000000000011110000111111100011000111100001111100001111000000011110000000111111111110000000001111000111110001111000000111111000011100000000111110000000001
111000011110001111110000011110001111100011111000011000000000000001111111110000000001111001111111100011000111000001111000001110000001111110000000011111111100000000001111000011110000111000011111111100011100000011111100000100001
111000011110001111110000111110001111100011111000011000001111110000111111111111000001111111111111100001000111000011111000011110000011111110000000001111111000001110001111000011110000111000111111111100011110011111111100001100001
111000111100001111111000111110000111100001111000111000011111110000111111111111100001111111111111100000000111000011111000011110000111111100001100001111110000011110001111100011110000111000111110111100001111111111111100011110001
111000111100001111111111111110000111100001111000111000011111111000011111100111110000111111111111100000000111000011110000011110001111111100011110000111100000011110001111100011110000111000111110011110001111111111111100011110001
111100111100001111111111111110000111100001111000111000011111111000011111100011110000111111111111100000000111000011110000011100001111111000011110000111100000111110001111100011111000111001111100001110001111111111111000011110001
111100011100001111111111111110000111100001111000111000011111111100000111000001111000011111111111110000001111000001100000011100011111110000011110000111000000111110001111000011111000111000111100001110001111111111111000011110001
111100011100000110001111111100000111100001111000111100011111111100000011000001111000000000111111111000011111100000000000111100011111000000111110001111000001111100001111000011111000111000111000001110000111000000000000011110001
111100011100000000000111000000000111100001111000111100011111111110000011100000111000000000011111111111111111100000000000111100011110000000111110001110000011111100001110000011111000111000010000001110000111000000000000011110001
111100011100000000000011000000000111100001111000111100001111111111000001100000111000000000011111111111111111100000000001111100011100000001111110001110000011111000011110000011111000111000000000001110000110000000000000011110001
111000011110000000000011000000001111100011111000111100001111111111100001110000111100000000001111111111111111000000000001111000011100000011111110001110000111111000011110000011110000111000000000001110000110000000000000011100001
111000111111000000000011000000011111000011111000111100001111111111110001111000011110000000000011111111101110000000000011111000011100001111111110001100000111111000011110000111110000111000000000011110000111000000000000111100001
111000111111111110000111000001111111000011111000111100001111111111110001111000011111100000000000001100000000000000000111111000111100011111111100001100001111111000111110000111110000111100011100011110000111000011111000111100011
111000111111111111111111111111111110000111110000111100001111111111110001111100011111111000000000000000000000000001111111110000111000111111111100011100001111110000011111001111100001111111111111111110001111111111111111111100011
111000110011111111111111111111111000000111110000111000011111111111100001111100011111111100000000000000000000000011111111100000111000111111111100011100011111111000011111111111000001111111111111111000001111111111111111111000011
111000110001111111111111111110000000001111110001111000011111110000000001111000000000111100000000000000000000000111111110000000011000111111111100011000011111111000011111111100000001111110000011110000001100000000000011111000011
111000100001111111111111110000000000011111100001110000111111100000000011111000000000011100000000000000001100011111111100000000000000111111111100011000011111111000001111110000000011111100000001110000011000000000000011111000111
111000100001111000011111000000000000111111100001100001111111100000000111110000000000011100000011111111111111111111111000000000000000111111111000011000011111111000000010000000000111111100000001110000111000000000000001111000111
111000100001111000011111000000000000111111000011100011111111100000001111110000000000011100000111111111111111111111111000000000000000011111111000111000011111111000000000000000001111111000000001110000111000000000000001110000111
111000100001111000011110000000000011111111000011100011111111100000111111100000000000111100001111111111111111111111110000000000000000011111110000111000011111111100000000000000011111111000000001100001111000000000000001110000111
110000100001110000011110000011111111111110000011100011111111000001111111100000000001111100001111111111111000000111110000000111100000001111110000111000011111111100000000000000111111110000000011100001110000011111000001110000111
110001100001111000011110000111111111111110000011100011111111000011111111000001111111111100011111000000000000000111100000001111111100000111100000111000011111111110000000000000111111110000111111100011110000111111100011110001111
110001100001111000011110000111111111111100000011000011111111000111111110000011111111111000011110000000000000000011100000000111111110000011000001111100001111111111000011100000111111100001111111000011110001111111111111110001111
110001110001111000001110000011111111111100000000000011111110000111111100000011111111111000011100000000000000000011000000000111111111000000000001111100000111111111111111100000111111100001111111000011110001111111111111110001111
110001110000111100001110000001111111111000000000000111111100000111110000000111111111110000011100000000000000000111000000000111111111000000000001111100000011111111111111110000111111000011111111000011110001111111111111110001111
110001110000111100001111000000001111100000000000000111110000001111100000001111111111100000011100000000000000001110000010000011111111100000000000111110000001111111001111110000011100000011111111000011100001111111111111110001111
110001110000111100000111000000000000000000111000001111100000001111000000001111111000000000111000000111110000111110000111000011111111110000110000111111000000111110000011111000000000000111111111000111100001111000011111100001111
110001110000011110000011100000000000000001111110011111000000011110000000011111100000000000111000001111111111111100000111000011111111111111111000011111000000011110000001111000000000000111100111000111100001110000000111100001111
110001111000001110000011110000000000000011111111111110000000111110000001111111000000000001111000011111111111111000001111000000000001111111111000001111110000011100000000111100000000000011000111000111100011110000000000000001111
100001111000001111000001111100000000001111111111111100000001111110000111111110000000000001111000111111111111110000001111000000000000111111111100001111111000001110000000111100000000000000000111000111100011110000000000000001111
100001111100000111000000111111110000011111111111111100000111111100001111111110000000000011110000111111111110000000001111000000000000011111111100000111111000001110000000011111111110000000000111000111100011110000000000000000111
100001111110000111100000011111111000011111110001111000001111111100011111111100000011111111110000111111110000000000011110000000000000000111111110000011111100000111000000011111111111100000000111000111100011110001110000110000111
000000111110000011110000001111111100111111100000111000011111111000011111111000000111111111110000111111100000000000011110000000000000000000111110000001111110000111110000011111111111110000001111000111100011110001111000111000011
000000011111000001110000000111111100011111000000111000011111110000011111110000001111111111100000111111000000000000111110000011111100000000011111000000111110000011111000011111111111111000001111000111100011110001111001111100000
000000001111100001111000000001111100011110000000111000011111000000011111000000011111111111000000111110000000000001111100000111111110000000001111100000011111000011111000111111111111111100001111000111100011110001111001111100000
001000001111100000111100000000111100001100000000111000111110000000011110000000111111111000000000011110000000000111111100000111111111000000000111110000001111100001111111111000000111111100001111000111100011110001111001111100000
011100000111110000111110000000011100000000000000111000111100000000000000000001111111100000000000001000000000011111111000001111111111000000000111111000001111100000111111110000000001111100001111000111100001100001111001111110000
111110000011111000011111000000011110000000001111111000111100000100000000000011111110000000000000000000000111111111111000001111111111000000000111111100000111110000011111100000000000111110001111000111100000000001111000111110001
111111000011111000001111100000001110000000111111111000111100001110000000000111111100000000000000000000001111111111110000011111111111000011000011111110000011110000001111100000000000011110001111000111100000000001110000011111111
111111000001111100000111110000011111100000111111111000111000011111000000001111111000000000111000000000011111111111110000011110001110000111000011111111000011111000001111000000000000011110001111000111110000000011110000001111111
111111100000111110000011111100111111110000111111110000111000011111110000111111110000000011111100000000111111111111100000111100000000000111000000111111000001111100000111000001110000011100001111000011111000000111110000000111111
001111110000111110000001111111111111111000111111110000111100011111111111111111100000001111111111000011111111111111000001111000000000001111000000011111100000111110000111000011111000011110001111000011111100001111110000000011111
000111110000011111000000111111111111111100011111100000111100011111111111111111000000011111111111111111111111111110000001111000000000001111000000000111100000111110000111000011111000011110001111000001111111111111100000000011110
000011111000001111100000011111110001111100001110000000111100001111111111111110000000111111111111111111111111111000000011110000000000001111000000000111110000011111000011100011111100011110001111000000111111111111100011100001110
000011111100001111110000001111100000111100000000000000111100001111111111111100000001111111111111111111111000000000000011110000111100001111000110000011111000011111000011100011111100011110000111000000011111111111000111100001110
000001111110000111111000000110000000011110000000000000011110000110001111110000000011111111000111111111100000000000000111100000111100011110001111000011111000001111000011100001111100011110000111100000001111111110000111100001110
000001111110000011111100000000000000011110000000000000011110000000000001000000000111111100000011111111000000000000001111100001111100011110001111000001111100001111000011100001111100011110000111110000000111100000000111110001110
000000111111000001111110000000000000011111000000011100001111000000000000000000001111111000000000111000000000000000111111000001111100011110001111100001111100001111100011110000111100001111000111111100000111000000000111110001111
000000011111100000111111100000000000001111100001111100001111100000000000000000011111110000000000000000000000000011111110000011111100011100011111110000111110001111100011110000111100001111000111111110000111000000000011110001111
110000000111100000011111110000001100001111111111111110001111100000000000000001111111100000000000000000000011111111111110000011111000111100001111110000111110001111100011110000111100001111000011111111000111000001100011110001111
111000000011110000001111111000011110000111111111111110001111100001111000000111111111000000000000000000000111111111111100000111111000111100001111111000011110001111100011111000111100001111000011111111000111000011100011110001111
111100000011110000000111111000011111000111111111111110000111100011111100011111111110000001111000000000011111111111111000001111110000111100000111111000011110000111100011111000011110001111000000111111100111000111100001110001111
111110000001111000000011111000011111000111111111111110000111100011111100011111111110000011111100000001111111111110000000011111100000111000000001111000001110001111100011111000011110001111000000001111100111000111110001111000111
111111000001111100000001111000011111000011111000111110000111000011111100011111111000000111111111111111111111110000000000011111100001111000000001111000001110001111100011111000011110001111000000000111000111101111100001111000111
111111100001111111000000111100001111100000000000011110000111000011111000111111100000000111111111111111111111100000000000111111000001111000100000111000001110001111100011111000111110001111000000000000000111111111100001111000001
011111110001111111100000011100001111100000000000011110000111000011111000111110000000001111111111111111111111000000000001111110000011110001110000111100001110001111000011110000111100001111000110000000000011111111000011110000000
000111111111111111110000011100000111110000000000001110000111000011110000111100000000011111111111111111111111000000000111111110000011110001111000111100001110001111000011110000111100001111001111000000000011111110000011110000000
000011111111111111111000001110000111110000000000001110000111000011110000111100000000111111001111111111111100000001111111111000000111110001111000111110011110001111000111100000111100001110001111100000000001111100000111110000000
000001111111110111111100001110000011110000011100001111000111100111100000111000000001111110000111111100000000000011111111110000000111110001111000111111111110001111000111100000111100011110001111111110000001111000001111100000000
000000111111000001111110001111000011111000011100001111000111111111100001111000000011111100000001100000000000000111111111100000001111110001111000011111111100001111000111000001111000011110001111111111000001110000011111000011110
000000011110000000111110000111000001111000111110001111000111111111000001111000011111111000000000000000000000001111111111000000011111110001111000011111111100001111000111000001111000011110001111111111100001110000011111000011111
100000000000000000011110000111100001111000111110001111000111111111000011110000111111111000000000000000000000011111111110000001111111100000111100001111111100001111000111100001111000011110001111111111110011100000111110000111111
110000000000000000001111000111100001111000111110001111000011111110000011110001111111110000000000000000000000111110011110000111111111000000111100000000111100001111000111100011110000111110000011111111111111100001111110000111111
111100000000000000001111000111110001111000111110001111000001111100000111110001111111100000100000000001111111111000001111000111111000000000111100000000011100011111000111111111110000111100000000001111111111100011111100001111111
111110000000011100001111000011110001111000111110001111100000000000001111110001111111100011110000001111111111110000000111000111100000000000011110000000011100011111000111111111110000111100000000000001111111000011111000001111111
111111100000111110000111000011110001111000111110001111000000000000011111110011111111000011111000111111111111100000000111000111100000000000011110000000011100011111000111111111110001111000000000000000111111000011110000011110001
111111111111111111000111000011110001111000011110001111000000000000011111100001111100000011111111111111111111100000000111000011100000011000111111000000011100011111000111111111100001111000011000000000011111000111100000011100000
011111111111111111000111000011110001111000011110001111000011000000001111100001110000000011111111111111111111100011000111000011100001111100111111110000111100011111000111100011100001111000111110000000011110000111000000111100000
001111111111111111000111000011110001111000011100001111000111111000001111000000000000000001111111111111111111100011100111000111100001111111111111111111111100011110000000000001100001111000111111110000011110000111000001111100000
000011111111111111000111000011110001111000011100001111000111111110000000000000000000000001111111111000011111100011100111000111110011111111110011111111111100011110000000000001100001111000111111111000011110000111000001111000000
