000000000000000000000001111111111111111110000000000000000000001111111111111111111111000000000000000011111111111111111111000000000000011111111111111111000011111111111111111000001111111111111111111111111111111111110000000000000
000000000000000000000000111111111111111000000000000000000000011111111111111111111111000000000000000111111111111111111111000000000000111111111111111111000011111111111111111000001111111111111111111111111111111111100000000000000
000011111100000000000000000011111111000000000000000000000000011111111111111111111111000000000000011111111111111111111111000000000000111111111111111110000011111111111111111100001111111111111111111111111111111111100000000000000
011111111111000000000000000000000000000000000000000000000000111111111111111111111111000000000001111111111111111111111111000000000000111111111111111110000001111111111111111100011111111111111111111111111111111111100000000000000
111111111111100000000000000000000000000000000000000000000000111111111111111111111110000000001111111111111111111111111110000000000000111111111111111110000001111111111111111100011111111111111111111111111111111111100000000000001
111111111111100000000000000000000000000000000000000000000000111111111111111111111110000000111111111111111111111111111110000000000000111111111111111110000000111111111111111100001111111111111111111111111111111111110000000000111
111111111111110000000000001111110000000000000000000000000001111111111111111111111110000011111111111111111111111111111100000000000000111111111111111111000000011111111111111100001111111111111111111111111111111111110000000011111
111111111111110000000000111111111100000000000000000000000011111111111111111111111110000011111111111111111111111111111100000000000000111111111111111111000000001111111111111100001111111111111111111111111111111111111110111111111
111111111111111000000001111111111111100000000000000000000111111111111111111111111100000111111111111111111111111111111000000000000000111111111111111111100000000111111111111100001111111111111111111100000001111111111111111111111
111111111111111000000001111111111111111000000000000000001111111111111111111111111100000111111111111111111111111111111000000000000000111111111111111111110000000001111111111000000111111111111111000000000000011111111111111111111
111111111111111000000001111111111111111111100000000000111111111111111111111111111000001111111111111111111111111111110000000000000000111111111111111111111000000000011111110000000011111111111100000000000000001111111111111111111
111111111111111000000000111111111111111111111111000011111111111111111111111111110000001111111111111111111111111111110000000000000000111111111111111111111100000000000000000000000001111111111000000000000000000111111111111111111
111111111111111000000000111111111111111111111111111111111111111111111111111111110000011111111111111111111111111111100000000000000000111111111111111111111110000000000000000000000000011111100000000000000000000011111111111111111
111111111111111000000000011111111111111111111111111111111111111111111111111111100000011111111111111111111111111111000000000000000000111111111111111111111111000000000000000000000000000000000000000000000000000011111111111111111
111111111111110000000000001111111111111111111111111111111111111111111111111111000000011111111111111111111111111111000000000000000000011111111111111111111111100000000000000000000000000000000000000000000000000011111111111111111
111111111111110000000000001111111111111111111111111111111111111111111111111110000000011111111111111111111111111111000000000000000000011111111111111111111111110000000000000000000000000000000000000000000000000011111111111111111
111111111111000000000000001111111111111111111111111111111111111111111111111100000000011111111111111111111111111110000000000000000000001111111111111111111111111000000000000000000000000000000000000000000000000011111111111111111
111111111111000000000000001111111111111111111111111111111111111111111111110000000000011111111111111111111111111100000000000000000000001111111111111111111111111000000000000000000000000000000000000000000000000011111111111111111
111111111100000000000000001111111111111111111111111111111111111111111111100000000000011111111111111111111111111000000000000000000000001111111111111111111111111100000000000000000000000000000000000000000000000011111111111111111
111111110000000000000000001111111111111111111111111111111111111111111111000000000000011111111111111111111111110000000000000000000000001111111111111111111111111100000000000100000000000000000000000000000000000011111111111111111
111111000000000000000000011111111111111111111111111111111111111111111000000000000000011111111111111111111111100000000000000000000000000111111111111111111111111100000011111111111110000000000000000000000000000111111111111111111
111100000000000000000000011111111111111111111111111111111111111111100000000000000000001111111111111111111111000000000000000000000000000111111111111111111111111000000111111111111111110000000000000000000000001111111111111111111
000000000000000000000000111111111111111111111111111111110111100000000000000000000000001111111111111111111110000000000000000000000000000111111111111111111111100000001111111111111111111111000000000000000000111111111111111111111
000000000000000000000011111111111111111111111111000000000000000000000000000000000000001111111111111111111100000000000111000000000000000111111111111111110000000000011111111111111111111111111111000000011111111111111111111111000
000000000000000001111111111111111111111111111000000000000000000000000000000000000000000011111111111111110000000000011111111000000000000111111111111111100000000000111111111111111111111111111111111111111111111111111111111100000
000000000000001111111111111111111111111111110000000000000000000000000000000000000000000011111111111111000000000000011111111100000000000111111111111111100000000000111111111111111111111111111111111111111111111111111111110000000
000000000011111111111111111111111111111111100000000000000000000000000000000000000000000000111111111100000000000000111111111110000000001111111111111111110000000000111111111111111111111111111111111111111111111111111111000000000
000000001111111111111111111111111111111111000000000000000000000000000000000000000000000000001111110000000000000001111111111111000000001111111111111111110000000000111111111111111111111111111111111111111111111111111111000000000
000000011111111111111111111111111111111111000000000000000000000000000000000000000000000000000000000000000000000001111111111111000000011111111111111111111000000000011111111111111111111111111111111111111111111111111111000000000
000000011111111111111111111111111111111111100000000000000000000011111111000000000000000000000000000000000000000001111111111111100000011111111111111111111100000000001111111111111111111111111111111111111111111111111111000000000
000000111111111111111111111111111111111111100000000000000000111111111111111000000000000000000000000000000000000011111111111111110000011111111111111111111110000000001111111111111111111111111111111111111111111111111111000000000
000000111111111111111111111111111111111111110000000000001111111111111111111100000000000000000000000000000000000011111111111111110000111111111111111111111111000000000111111111111111111111111111111111111111111111111111000000000
000000011111111111111111111111111111111111111111111111111111111111111111111111000000000000000000000000000000000011111111111111110000111111111111111111111111100000000011111111111111111111111111111111111111111111111111110000000
000000011111111111111111111111111111111111111111111111111111111111111111111111000000000000000000000000000000000011111111111111110001111111111111111111111111110000000000111111111111111111111111111111111111111111111111111100000
000000011111111111111111111111111111111111111111111111111111111111111111111111000000000000000000111110000000000011111111111111110001111111111111111111111111110000000000001111111111111111111111111111111111111111111111111111100
110000001111111111111111111111111111111111111111111111111111111111111111111111000000000000000011111111000000000011111111111111110001111111111111111111111111111000000000000000111111111111111111111111111111111111111111111111111
111100000011111111111111111111111111111111111111111111111111111111111111111111100000000000001111111111100000000011111111111111110001111111111111111111111111111100000000000000001111111111111111111111111111111111111111111111111
111110000001111111111111111111111111111111111111111111111111111111111111111111100000000000011111111111100000000001111111111111100011111111111111111111111111111100000000000000000000000001111111111111111111111111111111111111111
111111000000011111111111111111111111111111111111111111111111111111111111111111100000000000111111111111110000000001111111111111100011111111111111111111111111111100000000000000000000000000000111111111111111111111111111111111111
111111000000001111111111111111111111111111111111111111111111111111111111111111100000000000111111111111110000000001111111111111000011111111111111111111111111111100000000000000000000000000000011111111111111111111111111111111111
111111000000000011111111111111111111111111111111111111111111111111111111111111000000000001111111111111110000000000111111111110000011111111111111111111111111111000000000000000000000000000000000111111111111111111111111111111111
111111000000000001111111111111111111111111111111111111111111111111111111111111000000000011111111111111110000000000111111111110000011111111111111111111111111110000000000000000000000000000000000011111111111111111111111111111111
111111000000000001111111111111111111111111111111111111111111111111111111111111000000000011111111111111111000000000111111111100000011111111111111111111111111000000000000000000000000000000000000011111111111111111111111111111111
111111000000000000111111111111111111111111111111111111111111111111111111111111000000000011111111111111111000000000111111111000000011111111111111111110000000000000000000000000000000000000000000001111111111111111111111111111111
111111000000000000111111111111111111111111111111111111111111111111111111111110000000000111111111111111111100000000111111111000000011111111111111111100000000000000000111111000000000000000000000000111111111111111111111111111111
111111000000000000111111111111111111111111111111111111111111111111111111111110000000000111111111111111111110000001111111110000000011111111111111111100000000000011111111111111110000000000000000000011111111111111111111111111111
111110000000000001111111111111111111111111111111111111111111111111111111111100000000000011111111111111111111100011111111100000000011111111111111111000000000001111111111111111111111100000000000000001111111111111111111111111111
111110000000000001111111111111111111111111111111111111111111111111111111111100000000000011111111111111111111111111111111100000000011111111111111111000000000011111111111111111111111111100000000000001111111111111111111111111111
111100000000000011111111111111111111111111111111111111111111111111111111110000000000000011111111111111111111111111111111100000000011111111111111111000000000111111111111111111111111111111100000000000111111111111111111111111111
111000000000000011111111111111111111111111111111111111111111111111111111000000000000000011111111111111111111111111111111100000000011111111111111111000000001111111111111111111111111111111111000000000011111111111111111111111111
110000000000000011111111111111111111111111111111111111111111111111111111000000000000000011111111111111111111111111111111000000000011111111111111111000000001111111111111111111111111111111111100000000001111111111111111111111111
100000000000000111111111111111111111111111111111111111111111111111111000000000000000000001111111111111111111111111111111000000000011111111111111111000000011111111111111111111111111111111111110000000000111111111111111111111111
000000000000000111111111111111111111111111111111111111111111100000000000000000000000000000111111110011111111111111111111000000000011111111111111111000000011111111111111111111111111111111111111000000000011111111111111111111111
000000000000001111111111111111111111111111111111111111110000000000000000000000000000000000000000000001111111111111111111100000000011111111111111111000000011111111111111111111111111111111111111100000000001111111111111111111110
000000000000001111111111111111111111111111111111111110000000000000000000000000000000000000000000000000111111111111111111100000000011111111111111111000000111111111111111111111111111111111111111110000000000011111111111111111000
000000000000001111111111111111111111111111111111111100000000000000000000000000000000000000000000000000111111111111111111100000000011111111111111111000000111111111111111111111111111111111111111111000000000000111111111111110000
000000000000001111111111111111111111111111111111111000000000000000000000000000000000000000000000000001111111111111111111100000000001111111111111111100000111111111111111111111111111111111111111111100000000000000011110000000000
000000000000001111111111111111111111111111111111110000000000000000000000000000000000000000000000000001111111111111111111110000000001111111111111111100000011111111111111111111111111111111111111111110000000000000000000000000000
000000000000001111111111111111111111111111111111100000000000000000000000000000000000000000000000000011111111111111111111110000000001111111111111111100000011111111111111111111111111111111111111111110000000000000000000000000000
000000000000001111111111111111111111111111111111100000000000000000000000000000000000000000000000000011111111111111111111110000000000111111111111111100000011111111111111111111111111111111111111111111000000000000000000000000000
000000000000001111111111111111111111111111111111000000000000000000000000000000000000000000000000000111111111111111111111110000000000111111111111111110000001111111111111111111111111111111111111111111100000000000000000000000000
111111110000000111111111111111111111111111111110000000000000000000000000000000000000000000000000001111111111111111111111110000000000111111111111111110000001111111111111111111111111111111111111111111110000000000000000000000000
111111111000000111111111111111111111111111111100000000000000000000000000000000000000000000000000001111111100001111111111110000000000011111111111111110000000111111111111111111111111111111111111111111110000000000000000000000001
111111111100000111111111111111111111111111111000000000000000000000000000000000000000000000000000011111111000000111111111110000000000011111111111111110000000011111111111111111111111111111111111111111111000000000000000000000111
111111111110000011111111111111111111111111110000000000000000000000000000000000000000000000000000001111110000000011111111100000000000001111111111111110000000000011111111111111111111111111111111111111111100000000000000001111111
111111111110000001111111111111111111111111000000000000000000000000000000000000000000000000000000000111000000000011111111100000000000000111111111111110000000000000000000000000111111111111111111111111111111000000000000011111111
111111111110000000111111111111111111111110000000000000000000000000000000000000000000000000000000000000000000000000111111000000000000000111111111111110000000000000000000000000001111111111111111111111111111111000111111111111111
111111111110000000001111111111111111111100000000000000000000000000000000000000000000000000000000000000000000000000111111000000000000000011111111111100000000000000000000000000000001111111111111111111111111111111111111111111111
111111111110000000000111111111111111100000000000000000000000000000000000000000000000000000000000000000000000000000000000000000000000000000111111111000000000000000000000000000000000011111111111111111111111111111111111111111111
111111111100000000000000111111111100000000000000000000000000000000000000000000000000000000000011011100000000000000000000000000000000000000001111110000000000000000000000000000000000001111111111111111111111111111111111111111111
111111111100000000000000000000000000000000000000000000000000000000000000000000000000000001111111111111110000000000000000000000000000000000000000000000000000000000000000000000000000000111111111111111111111111111111111111111111
111111111111111100000000000000000000000000000000000000000000000000000000000000000000001111111111111111111110000000000000000000000000000000000000000000000000000000000000000000000000000011111111111111111111111111111111111111111
111111111111111111000000000000000000000000000000000000000000000000000000000000000000111111111111111111111111110000000000000000000000000000000000000000000000000000000000000000000000000000111111111111111111111111111111111111111
111111111111111111000000000000000000000000000000000000000000000000000000000000000001111111111111111111111111111000000000000000000000000000000000000000000000000000000000000000000000000000111111111111111111111111111111111111111
111111111111111111000000000000000000000000000000000000000000000000000000000000000111111111111111111111111111111100000000000000000000000000000000000000000000000000000000000000000000000000011111111111111111111111111111111111111
111111111111111111000000000000000000000000000000000000000000000000000000000000001111111111111111111111111111111111000000000000000000000000000000000000000000000000000000000000000000000000001111111111111111111111111111111111111
111111111111111110000000000000000000000000000000000000000000000000000000000000011111111111111111111111111111111111100000000000000000000000000000000000000000000000000000000000000000000000000111111111111111111111111111111111111
111111111111111100000000000000000000000000000000000000000000000000000000000000011111111111111111111111111111111111110000000000000000000000000000000011111111111110000000000000000000000000000011111111111111111111111111111111111
111111111111111100000000000000000000000000000000000000000000000000000000000000111111111111111111111111111111111111111000000000000000000000000000111111111111111111110000000000000000000000000001111111111111111111111111111111111
111111111111111000000000000000000000000111110000000000000000000000000000000000111111111111111111111111111111111111111000000000000000000000000011111111111111111111111000000000000000000000000000111111111111111111111111111111111
111111111111000000000000000000000000011111111100000000000000000000000000000000111111111111111111111111111111111111111100000000000000000000001111111111111111111111111110000000000000000000000000001111111111111111111110000000001
000011000000000000000000000000000001111111111100000000000000000000000000000000111111111111111111111111111111111111111110000000000000000000001111111111111111111111111110000000000000000111100000000011111111111111111100000000000
000000000000000000000000000000000011111111111100000000000000000000000000000000011111111111111111111111111111111111111111000000000000000000011111111111111111111111111111000000000000111111111000000001111111111111111000000000000
000000000000000000000000000000000111111111111110000000000000000000000000000000001111111111111111111111111111111111111111000000000000000000111111111111111111111111111111100000000001111111111110000000001111111111110000000000000
000000000000000000000000000000001111111111111110000000000000000000000000000000001111111111111111111111111111111111111111100000000000000000111111111111111111111111111111110000000011111111111111000000000001111111000000000000000
000000000000000000000000000000011111111111111111000000000000000000000000000000000011111111111111111111111111111111111111100000000000000000111111111111111111111111111111110000000011111111111111100000000000000000000000000000000
110000000000000000000000000000111111111111111111000000000000000000000000000000000000111111111111111111111111111111111111110000000000000000111111111111111111111111111111111000000011111111111111100000000000000000000000000000001
111100000000000000000000000000111111111111111111000000000000000000000000000000000000001111111111111111111111111111111111111000000000000000111111111111111111111111111111111000000011111111111111100000000000000000000000000011111
111110000000000000000000000001111111111111111111000000000000000000000000000000000000000011111111111111111111111111111111111100000000000000011111111111111111111111111111111100000011111111111111110000000000000000000000001111111
111111000000000000000000000001111111111111111111000000000000000000000000000000000000000000011111111111111111111111111111111110000000000000011111111111111111111111111111111100000011111111111111110000000000000000000000011111111
111111100000000000000000000011111111111111111111000000000000000000000000000000000000000000001111111111111111111111111111111111000000000000000111111111111111111111111111111100000011111111111111110000000000000000000000111111111
111111110000000000000000000111111111111111111110000000000000000000000000000000000000000000000111111111111111111111111111111111110000000000000011111111111111111111111111111100000011111111111111110000000000000000000000111111111
111111111000000000000000000111111111111111111100000000000000000000000000000000000000000000000011111111111111111111111111111111111111000000000000111110000000001111111111111100000011111111111111110000000000000000000000111111111
111111111000000000000000001111111111111111111100000000000000000000000000000000000000000000000011111111111111111111111111111111111111111100000000000000000000000011111111111100000011111111111111110000000000000000000000111111111
111111111100000000000000011111111111111111111000000000000000000000000000000000000000000000000111111111111111111111111111111111111111111111100000000000000000000000111111111100000011111111111111110000000000000000000001111111111
111111111110000000000000011111111111111111110000000000000000000000000000000000000000000000001111111111111111111111111111111111111111111111111100000000000000000000111111111100000001111111111111110000000000000000000001111111111
111111111111000000000001111111111111111111000000000000000000000000000000000000000000000011111111111111111111111111111111111111111111111111111111100000000000000000001111111110000001111111111111111000000000000000000001111111111
111111111111100000000011111111111111111110000000000000000000000000000000000001111111111111111111111111111111111111111111111111111111111111111111111000000000000000001111111110000001111111111111111000000000000000000000111111111
111111111111111100001111111111111111111100000000000000000000000000000011111111111111111111111111111111111111111111111111111111111111111111111111111110000000000000001111111100000001111111111111111000000000000000000000111111111
111111111111111111111111111111111111111000000000000000000000000000011111111111111111111111111111111111111111111111111111111111111111111111111111111111000000000000001111111100000000111111111111111100000000000000000000111111111
111111111111111111111111111111111111111000000000000000000000000011111111111111111111111111111111111111111111111111111111111111111111111111111111111111100000000000001111111100000000111111111111111110000000000000000000011111111
111111111111111111111111111111111111111000000000000000000000000011111111111111111111111111111111111111111110001111111111111111111111111111111111111111110000000000001111111110000000111111111111111111000000000000000000001111111
111111111111111111111111111111111111111100000000000000000000000111111111111111111111111111111111111111000000000000000011111111111111111111111111111111111000000000001111111110000000111111111111111111100000000000000000000111111
111111111111111111111111111111111111111111111111000000000000001111111111111111111111111111111111111110000000000000000000011111111111111111111111111111111000000000001111111110000000111111111111111111110000000000000000000001111
111111111111111111111111111111111111111111111111100000000000001111111111111111111111111111111111111100000000000000000000000001111111111111111111111111111100000000001111111111000001111111111111111111111100000000000000000000111
111111111111111111111111111111111111111111111111100000000000001111111111111111111111111111111111111000000000000000000000000000001111111111111111111111111100000000001111111111000011111111111111111111111100000000000000000000111
111111111111111111111111111111111111111111111111110000000000001111111111111111111111111111111111111000000000000000000000000000000011111111111111111111111100000000011111111111111111111111111111111111111110000000000000000000111
111111111111111111111111111111111111111111111111110000000000001111111111111111111111111111111111111000000000000000000000000000000000011111111111111111111000000000011111111111111111111111111111111111111111000000000000000000111
111111111111111111111111111111111111111111111111110000000000001111111111111111111111111111111111111000000000000000000000000000000000000011111111111111110000000000111111111111111111111111111111111111111111000000000000000000111
111111111111111111111111111111111111111111111111110000000000000111111111111111111111111111111111111100000000000000000000000000000000000000111111111111110000000000111111111111111111111111111111111111111111100000000000000001111
111111111111111111111111111111111111111111111111110000000000000011111111111111111111111111111111111100000000000000000000000000000000000000000011111110000000000000111111111111111111111111111111111111111111110000000000000011111
111111111111111111111111111111111111111111111111110000000000000011111111111111111111111111111111111110000000000000000000000000000000000000000000000000000000000001111111111111111111111111111111111111111111110000000000000111111
111111111111111111111111111111111111111111111111100000000000000000111111111111111110000000011111111111000000000000000000000000000000000000000000000000000000000011111111111111111111111111111111111111111111111000000000001111111
111111111111111111111111111111111111111111111111100000000000000000011111111110000000000000001111111111100000000000000000000011110000000000000000000000000000000011111111111111111111111111111111111111111111111000000000001111111
111111111111111111111111111111111111111111111111000000000000000000000000000000000000000000000111111111111100000000000011111111111100000000000000000000000000000011111111111111111111111111111111111111111111111000000000111111111
111111111111111111111111111111111111111111111111000000000000000000000000000000000000000000000111111111111111111111111111111111111110000000000000000000000000000011111111111111111111111111111111111111111111111000000001111111111
111111111111111111111111111111111111111111111100000000000000000000000000000000000000000000000111111111111111111111111111111111111111000000000011100000000000000011111111011111111111111111111111111111111111111000000011111111111
111111111111111111111111111111111111111111111000000000000000000000000000000000000000000000000111111111111111111111111111111111111111100000000111111000000000000011111100001111111111111111111111111111111111111000000111111111111
111111111111111111111111111111111111111111000000000000000000000000000000000000000000000000001111111111111111111111111111111111111111110000001111111100000000000000100000000011111111111111111111111111111111110000001111111111111
111111111111111111111111111111111000000000000000000000000000000000000000000000000000000000001111111111111111111111111111111111111111110000001111111100000000000000000000000011111111111111111111111111111111110000011111111111111
111111111111111111111111100000000000000000000000000000000000000000000000000000000000000000111111111111111111111111111111111111111111111000011111111100000000000000000000000001111111111111111111111111111111100000011111111111111
111111111111111111111100000000000000000000000000000000000000000000000000000000000000000000111111111111111111111111111111111111111111111000011111111100000000000000000000000001111111111111111111111111111111100000011111111111111
111111111111111111111000000000000000000000000000000000000000000000111111111100000000000000111111111111111111111111111111111111111111110000011111111100000000000000000000000001111111111111111111111111111111100000111111111111111
111111111111111111100000000000000000000000000000000000000000000000111111111111000000000001111111111111111111111111111111111111111111110000111111111100000000000000000000000001111111111111111111111111111111000000111111111111111
111111111111111110000000000000000000000000000000000000000000000000111111111111110000000011111111111111111111111111111111111111111111110000111111111100000000000000000000000000111111111110000001111111111110000000111111111111111
111111111111111100000000000000000000000000000000000000000000000000111111111111111000000011111111111111111111111111111111111111111111100000111111111111111110000000000000000000111111111100000000111111111100000001111111111111111
111111111111111000000000000000000000000000000000000000000000000000011111111111111110000011111111111111111111111111111111111111111111100000111111111111111111100000000000000000111111111000000000000111110000000001111111111111111
111111111111110000000000000000000000000000000000000000000000000000001111111111111111000011111111111111111111111111111111111111111111000000111111111111111111110000000000000000111111111000000000000000000000000001111111111111111
111111111111000000000000000000000000000000000000000000000000000000000111111111111111100001111111111111111111111111111111111111111110000000111111111111111111110000000000000000011111110000000000000000000000000001111111111111111
111111111111000000000000000000000000000000000000000000000000000000000011111111111111100000111111111111111111111111111111111111111100000001111111111111111111110000000000000000011111100000000000000000000000000000111111111111111
111111111100000000000000000001111111111100000000000000000000000000000001111111111111110000011111111111111111111111111111111111110000000011111111111111111111110000000000000000001110000000000000000000000000000000111111111111111
111111110000000000000000001111111111111110000000000000000000000000000000111111111111111000000111111111111111111111111111111111000000001111111111111111111111110000000000000000000000000000000000000000000000000000011111111111111
111111100000000000000000111111111111111111100000000000000000000000000000011111111111111000000001111111111111111111111111111000000000111111111111111111111111110000000000000000000000000000000000000000000000000000011111111111111
111111000000000000000011111111111111111111100000000000000011110000000000001111111111111100000000001111111111111111111111000000000011111111111111111111111111100000000000000000000000000000000000000000000000000000011111111111111
111100000000000000001111111111111111111111110000000000001111111111111000001111111111111100000000000000001111111111000000000000000111111111111111111111111111000000000000000000000000000000000000000000000000000000001111111111111
110000000000000000111111111111111111111111110000000000011111111111111111111111111111111000000000000000000000000000000000000000001111111111111111111111111110000000000000000000000000000000000000000000000000000000000111111111111
000000000000000011111111111111111111111111110000000000011111111111111111111111111111111000000000000000000000000000000000000000011111111111111111111111110000000000000000000000000000000000000000000011100000000000000000111111110
000000000000000011111111111111111111111111110000000000001111111111111111111111111111110000000000000000000000000000000000000000011111110011111111111111000000000000000000000000000000000000000000111111111111100000000000000000000
000000000000000111111111111111111111111111100000000000000000000000000111111111111111110000000000000000000000000000000000000000011111000011111111111100000000000011111111111100000000000000000111111111111111111111110000000000000
000000000000011111111111111111111111111111100000000000000000000000000001111111111111100000000000000000000000000000000000000000011110000111111111110000000000001111111111111111000000000000001111111111111111111111111100000000000
000000000000111111111111111111111111111111000000000000000000000000000001111111111111000000000000000000000000000000000000000000000000001111111111110000000000111111111111111111110000000000111111111111111111111111111111110000000
000000000001111111111111111111111111111111000000000000000000000000000001111111111111000000000000000000000000000000000000000000000000011111111111100000000011111111111111111111110000000000111111111111111111111111111111111000000
000000000011111111111111111111111111111100000000000000000000000000000001111111111111000000000000000000000000000000000000000000000000111111111111000000000011111111111111111111111000000001111111111111111111111111111111111100000
000000000111111111111111111111111111111100000000000000000000000000000001111111111111100000000000000000000000000000000000000000000000111111111111000000001111111111111111111111111100000001111111111111111111111111111111111110000
000000001111111111111111111111111111100000000000000000000000000000000011111111111111100000000000000000000000000000000000000000000001111111111100000000001111111111111111111111111110000001111111111111111111111111111111111111110
000000111111111111111111111111110000000000000000000000000000000000000011111111111111110000000000000000000000000000000000000000000001111111111000000000011111111111111111111111111110000001111111111111111111111111111111111111110
111111111111111111111111110000000000000000000000111111000000000000000011111111111111111100000000000000001111111100000000000000000001111111110000000000011111111111111111111111111111000001111111111111111111110000011111111111111
111111111111111111111100000000000000000000000111111111111100000000000011111111111111111111100000111111111111111111000000000000000001111111100000000000011111111111111111111111111111000000111111111111111110000000000111111111111
111111111111111111111000000000000000000000111111111111111111110000000001111111111111111111111111111111111111111111111000000000000000011100000000000000011111111111111111111111111111000000011111111111000000000000000001111111111
111111111111111111111000000000000000000011111111111111111111111100000000111111111111111111111111111111111111111111111110000000000000000000000000000000011111111111111111111111111111000000001111111100000000000000000000111111111
111111111111111111111100000000000000000111111111111111111111111111000000001111111111111111111111111111111111111111111111000000000000000000000000000000011111111111111111111111111110000000000000000000000000000000000000111111111
111111111111111111111111111100000000001111111111111111111111111111110000000011111111111111111111111111111111111111111111100000000000000000000000000000001111111111111111111111111110000000000000000000000000000000000000011111111
111111111111111111111111111111000000011111111111111111111111111111111100000000000111111111111111111111111111111111111111110000000000000000000000000000000111111111111111111111111100000000000000000000000000000000000000111111111
111111111111111111111111111111000000011111111111111111111111111111111110000000000000000111111111111111111111111111111111110000000000000000000000000000000011111111111111111111111100000000000000000011110000000000000000111111111
111111111111111111111111111111000000111111111111111111111111111111111111100000000000000001111111111111111111111111111111111000000000000000000000000000000001111111111111111111111000000000000000001111111111111111111111111111111
111111111111111111111111111111000000111111111111111111111111111111111111110000000000000000011111111111111111111111111111111000000000000000000000000000000000111111111111111111110000000000000000111111111111111111111111111111111
111111111111111111111111111111000001111111111111111111111111111111111111111000000000000000000111111111111111011111111111110000000000000000000000000000000000011111111111111111100000000000000001111111111111111111111111111111111
111111111111111111111111111111000000111111111111111111111111111111111111111100000000000000000011111111110000000000011111110000000000000000000000000000000000011111111111111111000000000000000001111111111111111111111111111111111
111111111111111111111111111111000000111111111111111111111111111111111111111100000000000000000001111111100000000000000001000000000111111111000000000000000000001111111111111110000000000000000011111111111111111111111111111111111
111100000011111111111111111110000000111111111111111111111111111111111111111110000000000000000000111111100000000000000000000000001111111111110000000000000000000111111111111110000000000000000011111111111111111111111111111111111
000000000000000000111111111000000000011111111111111111111111111111111111111111000000000000000000111111000000000000000000000000111111111111111110000000000000000111111111111110000000000000000011111111111111111111111111111111110
000000000000000000000000000000000000001111111111111111111111111111111111111111000000000000000000011111000000000000000000000000111111111111111111000000000000000011111111111111000000000000000011111111111111111111111111111111000
000000000000000000000000000000000000000111111111111111111111111111111111111111000000000000000000011111100000000000000000000000111111111111111111100000000000000011111111111111100000000000000001111111111111111111111111111110000
000000000000000000000000000000000000000000111111111111111111111111111111111111100000000000000000011111110000000000000000000001111111111111111111111000000000000011111111111111111111111111111000111111111100000011111111111100000
000000001111111100000000000000000000000000001111111111111111111111111111111111110000000000000000011111111100000000000000000001111111111111111111111100000000000011111111111111111111111111111000000000000000000000111111111100000
000001111111111111111111000000000000000000000001111111111111111111111111111111110000000000000000011111111111100000000000000001111111111111111111111110000000000011111111111111111111111111111000000000000000000000011111111000000
001111111111111111111111111000000000000000000000011111111111111111111111111111110000000000000000111111111111110000000000000001111111111111111111111111000000000011111111111111111111111111111100000000000000000000000010000000000
111111111111111111111111111111000000000000000000001111111111111111111111111111110000000000000000111111111111111000000000000001111111111111111111111111100000000011111111111111111111111111111100000000000000000000000000000000001
111111111111111111111111111111111000000000000000000111111111111111111111111111111000000000000000111111111111111000000000000001111111111111111111111111110000000111111111111111111111111111111000000000011111111110000000000000111
111111111111111111111111111111111110000000000000000111111111111111111111111111111000000000000001111111111111111000000000000001111111111111111111111111111100001111111111111111111111111111111000000000111111111111100000000001111
111111111111111111111111111111111111000000000000000011111111111111111111111111111000000000000001111111111111110000000000000001111111111111111111111111111111111111111111111111111111111111100000000111111111111111100000000011111
111111111111111111111111111111111111110000000000000011111111111111111111111111111000000000000001111111111111110000000000000000111111111111111111111111111111111111111111111111111111111110000000001111111111111111100000000111111
111111111111111111111111111111111111110000000000000011111111111111111111111111111000000000000001111111111111000000000000000000111111111111111111111111111111111111111111111111111111110000000000111111111111111111110000001111111
111111111111111111111111111111111111111100000000000111111111111111111111111111111000000000000000111111111110000000000000000000111111111111111111111111111111111111111111111111111111000000000001111111111111111111100000011111111
111111111111111111111111111111111111111100000000000111111111111111111111111111111000000000000000011111110000000000000000000000011111111111111111111111111111111111111111111111111110000000000011111111111111111111100000111111111
111111111111111111111111111111111111111110000000001111111111111111111111111111111000000000000000000000000000000000000000000000011111111111111111111111111111111111111111111111111100000000000111111111111111111111000000111111111
111111111111111111111111111111111111111111000000111111111111111111111111111111110000000000000000000000000000000000000000000000001111111111111111111111111111111111111111111111111100000000001111111111111111111110000001111111111
111111111111111111111111111111111111111111000000111111111111111111111111111111110000000000000000000000000000000000000000000000000111111111111111111111111111111111111111111111111100000000001111111111111111111100000001111111111
111111111111111111111111111111111111111111000001111111111111111111111111111111110000000000000000000000000000000000111100000000000001111111111111111111111111111111111111111111111110000000011111111111111111111100000001111111111
111111111111111111111111111111111111111111100001111111111111111111111111111111110000000000000000000000000000000011111100000000000000111111111111111111111111111111111111111111111110000000111111111111111111110000000001111111111
111111111111111111111111111111111111111111100011111111111111111111111111111111111000000000000000000000000000000011111110000000000000001111111111111111111111111111111111111111111110000000111111111111111111100000000001111111111
111111111111111111111111111111111111111111100011111111111111111111111111111111111000000000000000000000000000000011111110000000000000000000000000000000000000111111111111111111111111000000111111111111111110000000000000111111111
111111111111111111111111111111111111111111100011111111111111111111111111111111111100000000000000000000000000000111111110000000000000000000000000000000000000000111111111111111111111000000111111111111111100000000000000011111111
111111111111111111111111111111111111111111100011111111111111111111111111111111111111000000000000000000000000000111111111000000000000000000000000000000000000000011111111111111111111100000111111111111111100000000000000001111111
111111111111111111111111111111111111111111100011111111111111111111111111111111111111111111000000000000000000001111111110000000000000000000000000000000000000000001111111111111111111100000111111111111111000000000000000000011111
111111111111111111111111111111111111111111100001111111111111111111111111111111111111111111110000000000000000001111111110000000000000000000000000000000000000000000111111111111111111110000111111111111111000000000000000000000111
111111111111111111111111111111111111111111100000111111111111111111111111111111111111111111111100000000000000001111111110000000000000000000000000000000000000000000011111111111111111110000111111111111111100111111111111111000001
000111111111111111111111111111111111111111100000011111111111111111111111111111111111111111111111000000000000001111111110000000000000000000000000000000000000000000001111111111111111110000111111111111111111111111111111111100000
000000001111111111111111111111111111111111000000001111111111111111111111111111111111111111111111000000000000011111111110000000000000000000000000000000000000000000000111111111111111110000011111111111111111111111111111111110000
000000000001111111111111111111111111111111000000001111111111111111111111111111111111111111111111100000000000011111111110000000000000000000000000000000000000000000000001111111111111100000011111111111111111111111111111111110000
000000000000000111111111111111111111111111000000011111111111111111111111111111111111111111111111100000000000011111111110000000000000000000000000000000000000000000000000011111111111000000011111111111111111111111111111111111000
000000000000000011111111111111111111111111000000011111111111111111111111111111111111111111111111100000000000011111111110000000000000000000000000000000000000000000000000001111111110000000001111111111111111111111111111111111000
000000000000000000111111111111111111111110000000111111111111111111111111111111111111111111111111110000000000011111111111000000000000000011000000000000000000000000000000000000110000000000001111111111111111000000001111111110000
000000000000000000001111111111111111111100000000111111111111111111111111111111111111111111111111110000000000011111111111000000000000001111100000000000000000000000000000000000000000000000001111111111111110000000000000111110000
000000000000000000000111111111111111111100000001111111111111111111110001111111111111111111111111110000000000011111111111000000000000111111110000000000000000000000000000000000000000000000001111111111111110000000000000000000000
000000000000000000000011111111111111111000000011111111111111111100000000001111111111111111111111110000000000011111111111000000000011111111111000000000000011111111000000000000000000000000001111111111111110000000000000000000000
000000000000000000000000111111111111111000000011111111111111111000000000000011111111111111111111100000000000011111111111100000001111111111111000000000111111111111111100000000000000000000011111111111111100000000000000001111110
110000000000000000000000111111111111110000000111111111111111110000000000000000111111111111111111000000000000011111111111110000111111111111111000000011111111111111111111100000000000000000111111111111111110000000000000111111111
111100000000000000000000011111111111100000000111111111111111100000000000000000001111111111111111000000000000011111111111111111111111111111111000000111111111111111111111111100000000000001111111111111111110000000000011111111111
111111000000000000000000001111111111100000001111111111111111000000001111000000001111111111111111000000000000011111111111111111111111111111111000011111111111111111111111111111110000111111111111111111111110000000000111111111111
111111110000000000000000001111111111000000001111111111111110000000111111111000000001111111111100000000000000111111111111111111111111111111111000111111111111111111111111111111111111111111111111111111111111000000001111111111111
111111110000000000000000001111111110000000001111111111111100000011111111111100000000001111111000000000000000111111111111111111111111111111111000111111111111111111111111111111111111111111111111111111111111000000001111111111111
111111111100000000000000000111111110000000001111111111111100000011111111111110000000000000000000000000000011111111111111111111111111111111110001111111111111111111111111111111111111111111111111111111111111000000011111111111111
111111111110000000000000000111111110000000001111111111111000000111111111111111000000000000000000000000000111111111111111111111111111111111110001111111111111111111111111111111111111111111111111111111111110000000011111111111111
111111111110000000000000000111111110000000000111111111110000001111111111111111000000000000000000000000001111111111111111111111111111111111110001111111111111111111111111111111111111111111111111111111111110000000011111111111111
111111111111000000000000000111111110000000000111111111110000011111111111111111110000000000000000000000001111111111111111111111111111111111110001111111111111111111111111111111111111111111111111111111111100000000011111111111111
111111111111100000000000000111111111000000000011111111000000011111111111111111110000000000000000000000011111111111111111111111111111111111100001111111111111111111111111111111111111111111111111111111110000000000001111111111111
111111111111100000000000000111111111100000000000111100000000111111111111111111110000000000000000000000011111111111111111111111111111111111100001111111111111111111111111111111111111111111111111111111100000000000000111111111111
111111111111110000000000000111111111111100000000000000000000111111111111111111111000000000000000000000011111111111111111111111111111111111000000111111111111111111111111111111111111111111111110100000000000000000000001111100000
000111111111111000000000001111111111111111000000000000000000111111111111111111111000000000000000000000111111111111111111111111111111111111000000111111110000000001111111111111111111100000000000000000000000000000000000000000000
000011111111111100000000011111111111111111111000000000000000111111111111111111111100000000000000000000111111111111111111111111111111111110000000000000000000000000111111111111111100000000000000000000000000000000000000000000000
000001111111111111000000111111111111111111111100000000000000111111111111111111111100000000000000000000111111111111111111111111111111111100000000000000000000000000001111111111111000000000000000001111111111111100000000000001110
000001111111111111111111111111111111111111111110000000000000111111111111111111111100000000000000000000111111111111111111111111111111111100000000000000110000000000001111111111110000000000000011111111111111111111000000000011111
110001111111111111111111111111111111111111111111000000000000111111111111111111111110000000000000000000111111111111111111111111111111110000000000001111111110000000001111111111000000000000000111111111111111111111100000000111111
111111111111111111111111111111111111111111111111000000000000111111111111111111111110000000000000000000111111111111111111111111101100000000000000111111111111000000000111111110000000000000011111111111111111111111110000000111111
111111111111111111111111111111111111111111111111000000000000111111111111111111111110000000000000000000111111111111111111111111000000000000000011111111111111000000000111111100000000000011111111111111111111111111111000000111111
111111111111111111111111111111111111111111111111000000000000111111111111111111111110000000000000000000011111111111111111111100000000000000011111111111111111000000000111111100000000000111111111111111111111111111111100000011111
111111111111111111111111111111111111111111111111000000000000011111111111111111111111000000000000000000011111111111111111111100000000000000011111111111111111000000001111111000000000001111111111111111111111111111111100000011111
111111111111111111111111111111111111111111111110000000000000011111111111111111111111000000000000000000011111111111111111111000000000000000111111111111111110000000001111111000000000111111111111111111111111111111111100000001111
111111110000011111111111111111111111111111111100000000000000011111111111111111111111000000000000000000011111111111111111111000000000000011111111111111111110000000011111111000000000111111111111111111111111111111111100000000111
000000000000000011111111111111111111111111111100000000000000011111111111111111111111000000000000000000011111111111111111110000000000000111111111111111111100000011111111110000000001111111111111111111111111111111111100000000000
000000000000000011111111111111111111111111111000000000000000011111111111111111111111000000000000000000111111111111111111110000000000000111111111111111111100111111111111110000000011111111111111111111111111111111111000000000000
000000000000000000111111111111111111111111110000000000000000001111111111111111111111000000000000000000111111111111111111100000000000001111111111111111111001111111111111110000000111111111111111111111111111111111111000000000000
000000000000000000011111111111111111111111110000000000000000001111111111111111111111000000000000000000111111111111111111100000000000001111111111111111110001111111111111111000001111111111111111111111111111111111111000000000000
000000000000000000000111111111111111111111000000000000000000001111111111111111111111000000000000000001111111111111111111100000000000011111111111111111110011111111111111111000001111111111111111111111111111111111110000000000000
