000000000000000000000002222222222222222220000000000000000000002222222222222222222222000000000000000011111111111111111111000000000000022222222222222222000033333333333333333000001111111111111111111111111111111111110000000000000
000000000000000000000000222222222222222000000000000000000000022222222222222222222222000000000000000111111111111111111111000000000000222222222222222222000033333333333333333000001111111111111111111111111111111111100000000000000
000011111100000000000000000022222222000000000000000000000000022222222222222222222222000000000000011111111111111111111111000000000000222222222222222220000033333333333333333300001111111111111111111111111111111111100000000000000
011111111111000000000000000000000000000000000000000000000000222222222222222222222222000000000001111111111111111111111111000000000000222222222222222220000003333333333333333300011111111111111111111111111111111111100000000000000
111111111111100000000000000000000000000000000000000000000000222222222222222222222220000000001111111111111111111111111110000000000000222222222222222220000003333333333333333300011111111111111111111111111111111111100000000000001
111111111111100000000000000000000000000000000000000000000000222222222222222222222220000000111111111111111111111111111110000000000000222222222222222220000000333333333333333300001111111111111111111111111111111111110000000000111
111111111111110000000000002222220000000000000000000000000002222222222222222222222220000011111111111111111111111111111100000000000000222222222222222222000000033333333333333300001111111111111111111111111111111111110000000011111
111111111111110000000000222222222200000000000000000000000022222222222222222222222220000011111111111111111111111111111100000000000000222222222222222222000000003333333333333300001111111111111111111111111111111111111110111111111
111111111111111000000002222222222222200000000000000000000222222222222222222222222200000111111111111111111111111111111000000000000000222222222222222222200000000333333333333300001111111111111111111100000001111111111111111111111
111111111111111000000002222222222222222000000000000000002222222222222222222222222200000111111111111111111111111111111000000000000000222222222222222222220000000003333333333000000111111111111111000000000000011111111111111111111
111111111111111000000002222222222222222222200000000000222222222222222222222222222000001111111111111111111111111111110000000000000000222222222222222222222000000000033333330000000011111111111100000000000000001111111111111111111
111111111111111000000000222222222222222222222222000022222222222222222222222222220000001111111111111111111111111111110000000000000000222222222222222222222200000000000000000000000001111111111000000000000000000111111111111111111
111111111111111000000000222222222222222222222222222222222222222222222222222222220000011111111111111111111111111111100000000000000000222222222222222222222220000000000000000000000000011111100000000000000000000011111111111111111
111111111111111000000000022222222222222222222222222222222222222222222222222222200000011111111111111111111111111111000000000000000000222222222222222222222222000000000000000000000000000000000000000000000000000011111111111111111
111111111111110000000000002222222222222222222222222222222222222222222222222222000000011111111111111111111111111111000000000000000000022222222222222222222222200000000000000000000000000000000000000000000000000011111111111111111
111111111111110000000000002222222222222222222222222222222222222222222222222220000000011111111111111111111111111111000000000000000000022222222222222222222222220000000000000000000000000000000000000000000000000011111111111111111
111111111111000000000000002222222222222222222222222222222222222222222222222200000000011111111111111111111111111110000000000000000000002222222222222222222222222000000000000000000000000000000000000000000000000011111111111111111
111111111111000000000000002222222222222222222222222222222222222222222222220000000000011111111111111111111111111100000000000000000000002222222222222222222222222000000000000000000000000000000000000000000000000011111111111111111
111111111100000000000000002222222222222222222222222222222222222222222222200000000000011111111111111111111111111000000000000000000000002222222222222222222222222200000000000000000000000000000000000000000000000011111111111111111
111111110000000000000000002222222222222222222222222222222222222222222222000000000000011111111111111111111111110000000000000000000000002222222222222222222222222200000000000100000000000000000000000000000000000011111111111111111
111111000000000000000000022222222222222222222222222222222222222222222000000000000000011111111111111111111111100000000000000000000000000222222222222222222222222200000011111111111110000000000000000000000000000111111111111111111
111100000000000000000000022222222222222222222222222222222222222222200000000000000000001111111111111111111111000000000000000000000000000222222222222222222222222000000111111111111111110000000000000000000000001111111111111111111
000000000000000000000000222222222222222222222222222222220222200000000000000000000000001111111111111111111110000000000000000000000000000222222222222222222222200000001111111111111111111111000000000000000000111111111111111111111
000000000000000000000022222222222222222222222222000000000000000000000000000000000000001111111111111111111100000000000333000000000000000222222222222222220000000000011111111111111111111111111111000000011111111111111111111111000
000000000000000002222222222222222222222222222000000000000000000000000000000000000000000011111111111111110000000000033333333000000000000222222222222222200000000000111111111111111111111111111111111111111111111111111111111100000
000000000000002222222222222222222222222222220000000000000000000000000000000000000000000011111111111111000000000000033333333300000000000222222222222222200000000000111111111111111111111111111111111111111111111111111111110000000
000000000022222222222222222222222222222222200000000000000000000000000000000000000000000000111111111100000000000000333333333330000000002222222222222222220000000000111111111111111111111111111111111111111111111111111111000000000
000000002222222222222222222222222222222222000000000000000000000000000000000000000000000000001111110000000000000003333333333333000000002222222222222222220000000000111111111111111111111111111111111111111111111111111111000000000
000000022222222222222222222222222222222222000000000000000000000000000000000000000000000000000000000000000000000003333333333333000000022222222222222222222000000000011111111111111111111111111111111111111111111111111111000000000
000000022222222222222222222222222222222222200000000000000000000022222222000000000000000000000000000000000000000003333333333333300000022222222222222222222200000000001111111111111111111111111111111111111111111111111111000000000
000000222222222222222222222222222222222222200000000000000000222222222222222000000000000000000000000000000000000033333333333333330000022222222222222222222220000000001111111111111111111111111111111111111111111111111111000000000
000000222222222222222222222222222222222222220000000000002222222222222222222200000000000000000000000000000000000033333333333333330000222222222222222222222222000000000111111111111111111111111111111111111111111111111111000000000
000000022222222222222222222222222222222222222222222222222222222222222222222222000000000000000000000000000000000033333333333333330000222222222222222222222222200000000011111111111111111111111111111111111111111111111111110000000
000000022222222222222222222222222222222222222222222222222222222222222222222222000000000000000000000000000000000033333333333333330002222222222222222222222222220000000000111111111111111111111111111111111111111111111111111100000
000000022222222222222222222222222222222222222222222222222222222222222222222222000000000000000000333330000000000033333333333333330002222222222222222222222222220000000000001111111111111111111111111111111111111111111111111111100
110000002222222222222222222222222222222222222222222222222222222222222222222222000000000000000033333333000000000033333333333333330002222222222222222222222222222000000000000000111111111111111111111111111111111111111111111111111
111100000022222222222222222222222222222222222222222222222222222222222222222222200000000000003333333333300000000033333333333333330002222222222222222222222222222200000000000000001111111111111111111111111111111111111111111111111
111110000002222222222222222222222222222222222222222222222222222222222222222222200000000000033333333333300000000003333333333333300022222222222222222222222222222200000000000000000000000001111111111111111111111111111111111111111
111111000000022222222222222222222222222222222222222222222222222222222222222222200000000000333333333333330000000003333333333333300022222222222222222222222222222200000000000000000000000000000111111111111111111111111111111111111
111111000000002222222222222222222222222222222222222222222222222222222222222222200000000000333333333333330000000003333333333333000022222222222222222222222222222200000000000000000000000000000011111111111111111111111111111111111
111111000000000022222222222222222222222222222222222222222222222222222222222222000000000003333333333333330000000000333333333330000022222222222222222222222222222000000000000000000000000000000000111111111111111111111111111111111
111111000000000002222222222222222222222222222222222222222222222222222222222222000000000033333333333333330000000000333333333330000022222222222222222222222222220000000000000000000000000000000000011111111111111111111111111111111
111111000000000002222222222222222222222222222222222222222222222222222222222222000000000033333333333333333000000000333333333300000022222222222222222222222222000000000000000000000000000000000000011111111111111111111111111111111
111111000000000000222222222222222222222222222222222222222222222222222222222222000000000033333333333333333000000000333333333000000022222222222222222220000000000000000000000000000000000000000000001111111111111111111111111111111
111111000000000000222222222222222222222222222222222222222222222222222222222220000000000333333333333333333300000000333333333000000022222222222222222200000000000000000222222000000000000000000000000111111111111111111111111111111
111111000000000000222222222222222222222222222222222222222222222222222222222220000000000333333333333333333330000003333333330000000022222222222222222200000000000022222222222222220000000000000000000011111111111111111111111111111
111110000000000002222222222222222222222222222222222222222222222222222222222200000000000033333333333333333333300033333333300000000022222222222222222000000000002222222222222222222222200000000000000001111111111111111111111111111
111110000000000002222222222222222222222222222222222222222222222222222222222200000000000033333333333333333333333333333333300000000022222222222222222000000000022222222222222222222222222200000000000001111111111111111111111111111
111100000000000022222222222222222222222222222222222222222222222222222222220000000000000033333333333333333333333333333333300000000022222222222222222000000000222222222222222222222222222222200000000000111111111111111111111111111
111000000000000022222222222222222222222222222222222222222222222222222222000000000000000033333333333333333333333333333333300000000022222222222222222000000002222222222222222222222222222222222000000000011111111111111111111111111
110000000000000022222222222222222222222222222222222222222222222222222222000000000000000033333333333333333333333333333333000000000022222222222222222000000002222222222222222222222222222222222200000000001111111111111111111111111
100000000000000222222222222222222222222222222222222222222222222222222000000000000000000003333333333333333333333333333333000000000022222222222222222000000022222222222222222222222222222222222220000000000111111111111111111111111
000000000000000222222222222222222222222222222222222222222222200000000000000000000000000000333333330033333333333333333333000000000022222222222222222000000022222222222222222222222222222222222222000000000011111111111111111111111
000000000000002222222222222222222222222222222222222222220000000000000000000000000000000000000000000003333333333333333333300000000022222222222222222000000022222222222222222222222222222222222222200000000001111111111111111111110
000000000000002222222222222222222222222222222222222220000000000000000000000000000000000000000000000000333333333333333333300000000022222222222222222000000222222222222222222222222222222222222222220000000000011111111111111111000
000000000000002222222222222222222222222222222222222200000000000000000000000000000000000000000000000000333333333333333333300000000022222222222222222000000222222222222222222222222222222222222222222000000000000111111111111110000
000000000000002222222222222222222222222222222222222000000000000000000000000000000000000000000000000003333333333333333333300000000002222222222222222200000222222222222222222222222222222222222222222200000000000000011110000000000
000000000000002222222222222222222222222222222222220000000000000000000000000000000000000000000000000003333333333333333333330000000002222222222222222200000022222222222222222222222222222222222222222220000000000000000000000000000
000000000000002222222222222222222222222222222222200000000000000000000000000000000000000000000000000033333333333333333333330000000002222222222222222200000022222222222222222222222222222222222222222220000000000000000000000000000
000000000000002222222222222222222222222222222222200000000000000000000000000000000000000000000000000033333333333333333333330000000000222222222222222200000022222222222222222222222222222222222222222222000000000000000000000000000
000000000000002222222222222222222222222222222222000000000000000000000000000000000000000000000000000333333333333333333333330000000000222222222222222220000002222222222222222222222222222222222222222222200000000000000000000000000
222222220000000222222222222222222222222222222220000000000000000000000000000000000000000000000000003333333333333333333333330000000000222222222222222220000002222222222222222222222222222222222222222222220000000000000000000000000
222222222000000222222222222222222222222222222200000000000000000000000000000000000000000000000000003333333300003333333333330000000000022222222222222220000000222222222222222222222222222222222222222222220000000000000000000000002
222222222200000222222222222222222222222222222000000000000000000000000000000000000000000000000000033333333000000333333333330000000000022222222222222220000000022222222222222222222222222222222222222222222000000000000000000000222
222222222220000022222222222222222222222222220000000000000000000000000000000000000000000000000000003333330000000033333333300000000000002222222222222220000000000022222222222222222222222222222222222222222200000000000000002222222
222222222220000002222222222222222222222222000000000000000000000000000000000000000000000000000000000333000000000033333333300000000000000222222222222220000000000000000000000000222222222222222222222222222222000000000000022222222
222222222220000000222222222222222222222220000000000000000000000000000000000000000000000000000000000000000000000000333333000000000000000222222222222220000000000000000000000000002222222222222222222222222222222000222222222222222
222222222220000000002222222222222222222200000000000000000000000000000000000000000000000000000000000000000000000000333333000000000000000022222222222200000000000000000000000000000002222222222222222222222222222222222222222222222
222222222220000000000222222222222222200000000000000000000000000000000000000000000000000000000000000000000000000000000000000000000000000000222222222000000000000000000000000000000000022222222222222222222222222222222222222222222
222222222200000000000000222222222200000000000000000000000000000000000000000000000000000000000022022200000000000000000000000000000000000000002222220000000000000000000000000000000000002222222222222222222222222222222222222222222
222222222200000000000000000000000000000000000000000000000000000000000000000000000000000002222222222222220000000000000000000000000000000000000000000000000000000000000000000000000000000222222222222222222222222222222222222222222
222222222222222200000000000000000000000000000000000000000000000000000000000000000000002222222222222222222220000000000000000000000000000000000000000000000000000000000000000000000000000022222222222222222222222222222222222222222
222222222222222222000000000000000000000000000000000000000000000000000000000000000000222222222222222222222222220000000000000000000000000000000000000000000000000000000000000000000000000000222222222222222222222222222222222222222
222222222222222222000000000000000000000000000000000000000000000000000000000000000002222222222222222222222222222000000000000000000000000000000000000000000000000000000000000000000000000000222222222222222222222222222222222222222
222222222222222222000000000000000000000000000000000000000000000000000000000000000222222222222222222222222222222200000000000000000000000000000000000000000000000000000000000000000000000000022222222222222222222222222222222222222
222222222222222222000000000000000000000000000000000000000000000000000000000000002222222222222222222222222222222222000000000000000000000000000000000000000000000000000000000000000000000000002222222222222222222222222222222222222
222222222222222220000000000000000000000000000000000000000000000000000000000000022222222222222222222222222222222222200000000000000000000000000000000000000000000000000000000000000000000000000222222222222222222222222222222222222
222222222222222200000000000000000000000000000000000000000000000000000000000000022222222222222222222222222222222222220000000000000000000000000000000011111111111110000000000000000000000000000022222222222222222222222222222222222
222222222222222200000000000000000000000000000000000000000000000000000000000000222222222222222222222222222222222222222000000000000000000000000000111111111111111111110000000000000000000000000002222222222222222222222222222222222
222222222222222000000000000000000000000333330000000000000000000000000000000000222222222222222222222222222222222222222000000000000000000000000011111111111111111111111000000000000000000000000000222222222222222222222222222222222
222222222222000000000000000000000000033333333300000000000000000000000000000000222222222222222222222222222222222222222200000000000000000000001111111111111111111111111110000000000000000000000000002222222222222222222220000000002
000022000000000000000000000000000003333333333300000000000000000000000000000000222222222222222222222222222222222222222220000000000000000000001111111111111111111111111110000000000000000111100000000022222222222222222200000000000
000000000000000000000000000000000033333333333300000000000000000000000000000000022222222222222222222222222222222222222222000000000000000000011111111111111111111111111111000000000000111111111000000002222222222222222000000000000
000000000000000000000000000000000333333333333330000000000000000000000000000000002222222222222222222222222222222222222222000000000000000000111111111111111111111111111111100000000001111111111110000000002222222222220000000000000
000000000000000000000000000000003333333333333330000000000000000000000000000000002222222222222222222222222222222222222222200000000000000000111111111111111111111111111111110000000011111111111111000000000002222222000000000000000
000000000000000000000000000000033333333333333333000000000000000000000000000000000022222222222222222222222222222222222222200000000000000000111111111111111111111111111111110000000011111111111111100000000000000000000000000000000
330000000000000000000000000000333333333333333333000000000000000000000000000000000000222222222222222222222222222222222222220000000000000000111111111111111111111111111111111000000011111111111111100000000000000000000000000000003
333300000000000000000000000000333333333333333333000000000000000000000000000000000000002222222222222222222222222222222222222000000000000000111111111111111111111111111111111000000011111111111111100000000000000000000000000033333
333330000000000000000000000003333333333333333333000000000000000000000000000000000000000022222222222222222222222222222222222200000000000000011111111111111111111111111111111100000011111111111111110000000000000000000000003333333
333333000000000000000000000003333333333333333333000000000000000000000000000000000000000000022222222222222222222222222222222220000000000000011111111111111111111111111111111100000011111111111111110000000000000000000000033333333
333333300000000000000000000033333333333333333333000000000000000000000000000000000000000000002222222222222222222222222222222222000000000000000111111111111111111111111111111100000011111111111111110000000000000000000000333333333
333333330000000000000000000333333333333333333330000000000000000000000000000000000000000000000222222222222222222222222222222222220000000000000011111111111111111111111111111100000011111111111111110000000000000000000000333333333
333333333000000000000000000333333333333333333300000000000000000000000000000000000000000000000022222222222222222222222222222222222222000000000000111110000000001111111111111100000011111111111111110000000000000000000000333333333
333333333000000000000000003333333333333333333300000000000000000000000000000000000000000000000022222222222222222222222222222222222222222200000000000000000000000011111111111100000011111111111111110000000000000000000000333333333
333333333300000000000000033333333333333333333000000000000000000000000000000000000000000000000222222222222222222222222222222222222222222222200000000000000000000000111111111100000011111111111111110000000000000000000003333333333
333333333330000000000000033333333333333333330000000000000000000000000000000000000000000000002222222222222222222222222222222222222222222222222200000000000000000000111111111100000001111111111111110000000000000000000003333333333
333333333333000000000003333333333333333333000000000000000000000000000000000000000000000022222222222222222222222222222222222222222222222222222222200000000000000000001111111110000001111111111111111000000000000000000003333333333
333333333333300000000033333333333333333330000000000000000000000000000000000002222222222222222222222222222222222222222222222222222222222222222222222000000000000000001111111110000001111111111111111000000000000000000000333333333
333333333333333300003333333333333333333300000000000000000000000000000022222222222222222222222222222222222222222222222222222222222222222222222222222220000000000000001111111100000001111111111111111000000000000000000000333333333
333333333333333333333333333333333333333000000000000000000000000000022222222222222222222222222222222222222222222222222222222222222222222222222222222222000000000000001111111100000000111111111111111100000000000000000000333333333
333333333333333333333333333333333333333000000000000000000000000022222222222222222222222222222222222222222222222222222222222222222222222222222222222222200000000000001111111100000000111111111111111110000000000000000000033333333
333333333333333333333333333333333333333000000000000000000000000022222222222222222222222222222222222222222220002222222222222222222222222222222222222222220000000000001111111110000000111111111111111111000000000000000000003333333
333333333333333333333333333333333333333300000000000000000000000222222222222222222222222222222222222222000000000000000022222222222222222222222222222222222000000000001111111110000000111111111111111111100000000000000000000333333
333333333333333333333333333333333333333333333333000000000000002222222222222222222222222222222222222220000000000000000000022222222222222222222222222222222000000000001111111110000000111111111111111111110000000000000000000003333
333333333333333333333333333333333333333333333333300000000000002222222222222222222222222222222222222200000000000000000000000002222222222222222222222222222200000000001111111111000001111111111111111111111100000000000000000000333
333333333333333333333333333333333333333333333333300000000000002222222222222222222222222222222222222000000000000000000000000000002222222222222222222222222200000000001111111111000011111111111111111111111100000000000000000000333
333333333333333333333333333333333333333333333333330000000000002222222222222222222222222222222222222000000000000000000000000000000022222222222222222222222200000000011111111111111111111111111111111111111110000000000000000000333
333333333333333333333333333333333333333333333333330000000000002222222222222222222222222222222222222000000000000000000000000000000000022222222222222222222000000000011111111111111111111111111111111111111111000000000000000000333
333333333333333333333333333333333333333333333333330000000000002222222222222222222222222222222222222000000000000000000000000000000000000022222222222222220000000000111111111111111111111111111111111111111111000000000000000000333
333333333333333333333333333333333333333333333333330000000000000222222222222222222222222222222222222200000000000000000000000000000000000000222222222222220000000000111111111111111111111111111111111111111111100000000000000003333
333333333333333333333333333333333333333333333333330000000000000022222222222222222222222222222222222200000000000000000000000000000000000000000022222220000000000000111111111111111111111111111111111111111111110000000000000033333
333333333333333333333333333333333333333333333333330000000000000022222222222222222222222222222222222220000000000000000000000000000000000000000000000000000000000001111111111111111111111111111111111111111111110000000000000333333
333333333333333333333333333333333333333333333333300000000000000000222222222222222220000000022222222222000000000000000000000000000000000000000000000000000000000011111111111111111111111111111111111111111111111000000000003333333
333333333333333333333333333333333333333333333333300000000000000000022222222220000000000000002222222222200000000000000000000022220000000000000000000000000000000011111111111111111111111111111111111111111111111000000000003333333
333333333333333333333333333333333333333333333333000000000000000000000000000000000000000000000222222222222200000000000022222222222200000000000000000000000000000011111111111111111111111111111111111111111111111000000000333333333
333333333333333333333333333333333333333333333333000000000000000000000000000000000000000000000222222222222222222222222222222222222220000000000000000000000000000011111111111111111111111111111111111111111111111000000003333333333
333333333333333333333333333333333333333333333300000000000000000000000000000000000000000000000222222222222222222222222222222222222222000000000033300000000000000011111111011111111111111111111111111111111111111000000033333333333
333333333333333333333333333333333333333333333000000000000000000000000000000000000000000000000222222222222222222222222222222222222222200000000333333000000000000011111100001111111111111111111111111111111111111000000333333333333
333333333333333333333333333333333333333333000000000000000000000000000000000000000000000000002222222222222222222222222222222222222222220000003333333300000000000000100000000011111111111111111111111111111111110000003333333333333
333333333333333333333333333333333000000000000000000000000000000000000000000000000000000000002222222222222222222222222222222222222222220000003333333300000000000000000000000011111111111111111111111111111111110000033333333333333
333333333333333333333333300000000000000000000000000000000000000000000000000000000000000000222222222222222222222222222222222222222222222000033333333300000000000000000000000001111111111111111111111111111111100000033333333333333
333333333333333333333300000000000000000000000000000000000000000000000000000000000000000000222222222222222222222222222222222222222222222000033333333300000000000000000000000001111111111111111111111111111111100000033333333333333
333333333333333333333000000000000000000000000000000000000000000000111111111100000000000000222222222222222222222222222222222222222222220000033333333300000000000000000000000001111111111111111111111111111111100000333333333333333
333333333333333333300000000000000000000000000000000000000000000000111111111111000000000002222222222222222222222222222222222222222222220000333333333300000000000000000000000001111111111111111111111111111111000000333333333333333
333333333333333330000000000000000000000000000000000000000000000000111111111111110000000022222222222222222222222222222222222222222222220000333333333300000000000000000000000000111111111110000001111111111110000000333333333333333
333333333333333300000000000000000000000000000000000000000000000000111111111111111000000022222222222222222222222222222222222222222222200000333333333333333330000000000000000000111111111100000000111111111100000003333333333333333
333333333333333000000000000000000000000000000000000000000000000000011111111111111110000022222222222222222222222222222222222222222222200000333333333333333333300000000000000000111111111000000000000111110000000003333333333333333
333333333333330000000000000000000000000000000000000000000000000000001111111111111111000022222222222222222222222222222222222222222222000000333333333333333333330000000000000000111111111000000000000000000000000003333333333333333
333333333333000000000000000000000000000000000000000000000000000000000111111111111111100002222222222222222222222222222222222222222220000000333333333333333333330000000000000000011111110000000000000000000000000003333333333333333
333333333333000000000000000000000000000000000000000000000000000000000011111111111111100000222222222222222222222222222222222222222200000003333333333333333333330000000000000000011111100000000000000000000000000000333333333333333
333333333300000000000000000001111111111100000000000000000000000000000001111111111111110000022222222222222222222222222222222222220000000033333333333333333333330000000000000000001110000000000000000000000000000000333333333333333
333333330000000000000000001111111111111110000000000000000000000000000000111111111111111000000222222222222222222222222222222222000000003333333333333333333333330000000000000000000000000000000000000000000000000000033333333333333
333333300000000000000000111111111111111111100000000000000000000000000000011111111111111000000002222222222222222222222222222000000000333333333333333333333333330000000000000000000000000000000000000000000000000000033333333333333
333333000000000000000011111111111111111111100000000000000011110000000000001111111111111100000000002222222222222222222222000000000033333333333333333333333333300000000000000000000000000000000000000000000000000000033333333333333
333300000000000000001111111111111111111111110000000000001111111111111000001111111111111100000000000000002222222222000000000000000333333333333333333333333333000000000000000000000000000000000000000000000000000000003333333333333
330000000000000000111111111111111111111111110000000000011111111111111111111111111111111000000000000000000000000000000000000000003333333333333333333333333330000000000000000000000000000000000000000000000000000000000333333333333
000000000000000011111111111111111111111111110000000000011111111111111111111111111111111000000000000000000000000000000000000000033333333333333333333333330000000000000000000000000000000000000000000011100000000000000000333333330
000000000000000011111111111111111111111111110000000000001111111111111111111111111111110000000000000000000000000000000000000000033333330033333333333333000000000000000000000000000000000000000000111111111111100000000000000000000
000000000000000111111111111111111111111111100000000000000000000000000111111111111111110000000000000000000000000000000000000000033333000033333333333300000000000022222222222200000000000000000111111111111111111111110000000000000
000000000000011111111111111111111111111111100000000000000000000000000001111111111111100000000000000000000000000000000000000000033330000333333333330000000000002222222222222222000000000000001111111111111111111111111100000000000
000000000000111111111111111111111111111111000000000000000000000000000001111111111111000000000000000000000000000000000000000000000000003333333333330000000000222222222222222222220000000000111111111111111111111111111111110000000
000000000001111111111111111111111111111111000000000000000000000000000001111111111111000000000000000000000000000000000000000000000000033333333333300000000022222222222222222222220000000000111111111111111111111111111111111000000
000000000011111111111111111111111111111100000000000000000000000000000001111111111111000000000000000000000000000000000000000000000000333333333333000000000022222222222222222222222000000001111111111111111111111111111111111100000
000000000111111111111111111111111111111100000000000000000000000000000001111111111111100000000000000000000000000000000000000000000000333333333333000000002222222222222222222222222200000001111111111111111111111111111111111110000
000000001111111111111111111111111111100000000000000000000000000000000011111111111111100000000000000000000000000000000000000000000003333333333300000000002222222222222222222222222220000001111111111111111111111111111111111111110
000000111111111111111111111111110000000000000000000000000000000000000011111111111111110000000000000000000000000000000000000000000003333333333000000000022222222222222222222222222220000001111111111111111111111111111111111111110
111111111111111111111111110000000000000000000000333333000000000000000011111111111111111100000000000000001111111100000000000000000003333333330000000000022222222222222222222222222222000001111111111111111111110000011111111111111
111111111111111111111100000000000000000000000333333333333300000000000011111111111111111111100000111111111111111111000000000000000003333333300000000000022222222222222222222222222222000000111111111111111110000000000111111111111
111111111111111111111000000000000000000000333333333333333333330000000001111111111111111111111111111111111111111111111000000000000000033300000000000000022222222222222222222222222222000000011111111111000000000000000001111111111
111111111111111111111000000000000000000033333333333333333333333300000000111111111111111111111111111111111111111111111110000000000000000000000000000000022222222222222222222222222222000000001111111100000000000000000000111111111
111111111111111111111100000000000000000333333333333333333333333333000000001111111111111111111111111111111111111111111111000000000000000000000000000000022222222222222222222222222220000000000000000000000000000000000000111111111
111111111111111111111111111100000000003333333333333333333333333333330000000011111111111111111111111111111111111111111111100000000000000000000000000000002222222222222222222222222220000000000000000000000000000000000000011111111
111111111111111111111111111111000000033333333333333333333333333333333300000000000111111111111111111111111111111111111111110000000000000000000000000000000222222222222222222222222200000000000000000000000000000000000000111111111
111111111111111111111111111111000000033333333333333333333333333333333330000000000000000111111111111111111111111111111111110000000000000000000000000000000022222222222222222222222200000000000000000011110000000000000000111111111
111111111111111111111111111111000000333333333333333333333333333333333333300000000000000001111111111111111111111111111111111000000000000000000000000000000002222222222222222222222000000000000000001111111111111111111111111111111
111111111111111111111111111111000000333333333333333333333333333333333333330000000000000000011111111111111111111111111111111000000000000000000000000000000000222222222222222222220000000000000000111111111111111111111111111111111
111111111111111111111111111111000003333333333333333333333333333333333333333000000000000000000111111111111111011111111111110000000000000000000000000000000000022222222222222222200000000000000001111111111111111111111111111111111
111111111111111111111111111111000000333333333333333333333333333333333333333300000000000000000011111111110000000000011111110000000000000000000000000000000000022222222222222222000000000000000001111111111111111111111111111111111
111111111111111111111111111111000000333333333333333333333333333333333333333300000000000000000001111111100000000000000001000000000222222222000000000000000000002222222222222220000000000000000011111111111111111111111111111111111
111100000011111111111111111110000000333333333333333333333333333333333333333330000000000000000000111111100000000000000000000000002222222222220000000000000000000222222222222220000000000000000011111111111111111111111111111111111
000000000000000000111111111000000000033333333333333333333333333333333333333333000000000000000000111111000000000000000000000000222222222222222220000000000000000222222222222220000000000000000011111111111111111111111111111111110
000000000000000000000000000000000000003333333333333333333333333333333333333333000000000000000000011111000000000000000000000000222222222222222222000000000000000022222222222222000000000000000011111111111111111111111111111111000
000000000000000000000000000000000000000333333333333333333333333333333333333333000000000000000000011111100000000000000000000000222222222222222222200000000000000022222222222222200000000000000001111111111111111111111111111110000
000000000000000000000000000000000000000000333333333333333333333333333333333333300000000000000000011111110000000000000000000002222222222222222222222000000000000022222222222222222222222222222000111111111100000011111111111100000
000000002222222200000000000000000000000000003333333333333333333333333333333333330000000000000000011111111100000000000000000002222222222222222222222200000000000022222222222222222222222222222000000000000000000000111111111100000
000002222222222222222222000000000000000000000003333333333333333333333333333333330000000000000000011111111111100000000000000002222222222222222222222220000000000022222222222222222222222222222000000000000000000000011111111000000
002222222222222222222222222000000000000000000000033333333333333333333333333333330000000000000000111111111111110000000000000002222222222222222222222222000000000022222222222222222222222222222200000000000000000000000010000000000
222222222222222222222222222222000000000000000000003333333333333333333333333333330000000000000000111111111111111000000000000002222222222222222222222222200000000022222222222222222222222222222200000000000000000000000000000000002
222222222222222222222222222222222000000000000000000333333333333333333333333333333000000000000000111111111111111000000000000002222222222222222222222222220000000222222222222222222222222222222000000000033333333330000000000000222
222222222222222222222222222222222220000000000000000333333333333333333333333333333000000000000001111111111111111000000000000002222222222222222222222222222200002222222222222222222222222222222000000000333333333333300000000002222
222222222222222222222222222222222222000000000000000033333333333333333333333333333000000000000001111111111111110000000000000002222222222222222222222222222222222222222222222222222222222222200000000333333333333333300000000022222
222222222222222222222222222222222222220000000000000033333333333333333333333333333000000000000001111111111111110000000000000000222222222222222222222222222222222222222222222222222222222220000000003333333333333333300000000222222
222222222222222222222222222222222222220000000000000033333333333333333333333333333000000000000001111111111111000000000000000000222222222222222222222222222222222222222222222222222222220000000000333333333333333333330000002222222
222222222222222222222222222222222222222200000000000333333333333333333333333333333000000000000000111111111110000000000000000000222222222222222222222222222222222222222222222222222222000000000003333333333333333333300000022222222
222222222222222222222222222222222222222200000000000333333333333333333333333333333000000000000000011111110000000000000000000000022222222222222222222222222222222222222222222222222220000000000033333333333333333333300000222222222
222222222222222222222222222222222222222220000000003333333333333333333333333333333000000000000000000000000000000000000000000000022222222222222222222222222222222222222222222222222200000000000333333333333333333333000000222222222
222222222222222222222222222222222222222222000000333333333333333333333333333333330000000000000000000000000000000000000000000000002222222222222222222222222222222222222222222222222200000000003333333333333333333330000002222222222
222222222222222222222222222222222222222222000000333333333333333333333333333333330000000000000000000000000000000000000000000000000222222222222222222222222222222222222222222222222200000000003333333333333333333300000002222222222
222222222222222222222222222222222222222222000003333333333333333333333333333333330000000000000000000000000000000000111100000000000002222222222222222222222222222222222222222222222220000000033333333333333333333300000002222222222
222222222222222222222222222222222222222222200003333333333333333333333333333333330000000000000000000000000000000011111100000000000000222222222222222222222222222222222222222222222220000000333333333333333333330000000002222222222
222222222222222222222222222222222222222222200033333333333333333333333333333333333000000000000000000000000000000011111110000000000000002222222222222222222222222222222222222222222220000000333333333333333333300000000002222222222
222222222222222222222222222222222222222222200033333333333333333333333333333333333000000000000000000000000000000011111110000000000000000000000000000000000000222222222222222222222222000000333333333333333330000000000000222222222
222222222222222222222222222222222222222222200033333333333333333333333333333333333300000000000000000000000000000111111110000000000000000000000000000000000000000222222222222222222222000000333333333333333300000000000000022222222
222222222222222222222222222222222222222222200033333333333333333333333333333333333333000000000000000000000000000111111111000000000000000000000000000000000000000022222222222222222222200000333333333333333300000000000000002222222
222222222222222222222222222222222222222222200033333333333333333333333333333333333333333333000000000000000000001111111110000000000000000000000000000000000000000002222222222222222222200000333333333333333000000000000000000022222
222222222222222222222222222222222222222222200003333333333333333333333333333333333333333333330000000000000000001111111110000000000000000000000000000000000000000000222222222222222222220000333333333333333000000000000000000000222
222222222222222222222222222222222222222222200000333333333333333333333333333333333333333333333300000000000000001111111110000000000000000000000000000000000000000000022222222222222222220000333333333333333300333333333333333000002
000222222222222222222222222222222222222222200000033333333333333333333333333333333333333333333333000000000000001111111110000000000000000000000000000000000000000000002222222222222222220000333333333333333333333333333333333300000
000000002222222222222222222222222222222222000000003333333333333333333333333333333333333333333333000000000000011111111110000000000000000000000000000000000000000000000222222222222222220000033333333333333333333333333333333330000
000000000002222222222222222222222222222222000000003333333333333333333333333333333333333333333333300000000000011111111110000000000000000000000000000000000000000000000002222222222222200000033333333333333333333333333333333330000
000000000000000222222222222222222222222222000000033333333333333333333333333333333333333333333333300000000000011111111110000000000000000000000000000000000000000000000000022222222222000000033333333333333333333333333333333333000
000000000000000022222222222222222222222222000000033333333333333333333333333333333333333333333333300000000000011111111110000000000000000000000000000000000000000000000000002222222220000000003333333333333333333333333333333333000
000000000000000000222222222222222222222220000000333333333333333333333333333333333333333333333333330000000000011111111111000000000000000011000000000000000000000000000000000000220000000000003333333333333333000000003333333330000
000000000000000000002222222222222222222200000000333333333333333333333333333333333333333333333333330000000000011111111111000000000000001111100000000000000000000000000000000000000000000000003333333333333330000000000000333330000
000000000000000000000222222222222222222200000003333333333333333333330003333333333333333333333333330000000000011111111111000000000000111111110000000000000000000000000000000000000000000000003333333333333330000000000000000000000
000000000000000000000022222222222222222000000033333333333333333300000000003333333333333333333333330000000000011111111111000000000011111111111000000000000033333333000000000000000000000000003333333333333330000000000000000000000
000000000000000000000000222222222222222000000033333333333333333000000000000033333333333333333333300000000000011111111111100000001111111111111000000000333333333333333300000000000000000000033333333333333300000000000000002222220
220000000000000000000000222222222222220000000333333333333333330000000000000000333333333333333333000000000000011111111111110000111111111111111000000033333333333333333333300000000000000000333333333333333330000000000000222222222
222200000000000000000000022222222222200000000333333333333333300000000000000000003333333333333333000000000000011111111111111111111111111111111000000333333333333333333333333300000000000003333333333333333330000000000022222222222
222222000000000000000000002222222222200000003333333333333333000000002222000000003333333333333333000000000000011111111111111111111111111111111000033333333333333333333333333333330000333333333333333333333330000000000222222222222
222222220000000000000000002222222222000000003333333333333330000000222222222000000003333333333300000000000000111111111111111111111111111111111000333333333333333333333333333333333333333333333333333333333333000000002222222222222
222222220000000000000000002222222220000000003333333333333300000022222222222200000000003333333000000000000000111111111111111111111111111111111000333333333333333333333333333333333333333333333333333333333333000000002222222222222
222222222200000000000000000222222220000000003333333333333300000022222222222220000000000000000000000000000011111111111111111111111111111111110003333333333333333333333333333333333333333333333333333333333333000000022222222222222
222222222220000000000000000222222220000000003333333333333000000222222222222222000000000000000000000000000111111111111111111111111111111111110003333333333333333333333333333333333333333333333333333333333330000000022222222222222
222222222220000000000000000222222220000000000333333333330000002222222222222222000000000000000000000000001111111111111111111111111111111111110003333333333333333333333333333333333333333333333333333333333330000000022222222222222
222222222222000000000000000222222220000000000333333333330000022222222222222222220000000000000000000000001111111111111111111111111111111111110003333333333333333333333333333333333333333333333333333333333300000000022222222222222
222222222222200000000000000222222222000000000033333333000000022222222222222222220000000000000000000000011111111111111111111111111111111111100003333333333333333333333333333333333333333333333333333333330000000000002222222222222
222222222222200000000000000222222222200000000000333300000000222222222222222222220000000000000000000000011111111111111111111111111111111111100003333333333333333333333333333333333333333333333333333333300000000000000222222222222
222222222222220000000000000222222222222200000000000000000000222222222222222222222000000000000000000000011111111111111111111111111111111111000000333333333333333333333333333333333333333333333330300000000000000000000002222200000
000222222222222000000000002222222222222222000000000000000000222222222222222222222000000000000000000000111111111111111111111111111111111111000000333333330000000003333333333333333333300000000000000000000000000000000000000000000
000022222222222200000000022222222222222222222000000000000000222222222222222222222200000000000000000000111111111111111111111111111111111110000000000000000000000000333333333333333300000000000000000000000000000000000000000000000
000002222222222222000000222222222222222222222200000000000000222222222222222222222200000000000000000000111111111111111111111111111111111100000000000000000000000000003333333333333000000000000000001111111111111100000000000002220
000002222222222222222222222222222222222222222220000000000000222222222222222222222200000000000000000000111111111111111111111111111111111100000000000000220000000000003333333333330000000000000011111111111111111111000000000022222
220002222222222222222222222222222222222222222222000000000000222222222222222222222220000000000000000000111111111111111111111111111111110000000000002222222220000000003333333333000000000000000111111111111111111111100000000222222
222222222222222222222222222222222222222222222222000000000000222222222222222222222220000000000000000000111111111111111111111111101100000000000000222222222222000000000333333330000000000000011111111111111111111111110000000222222
222222222222222222222222222222222222222222222222000000000000222222222222222222222220000000000000000000111111111111111111111111000000000000000022222222222222000000000333333300000000000011111111111111111111111111111000000222222
222222222222222222222222222222222222222222222222000000000000222222222222222222222220000000000000000000011111111111111111111100000000000000022222222222222222000000000333333300000000000111111111111111111111111111111100000022222
222222222222222222222222222222222222222222222222000000000000022222222222222222222222000000000000000000011111111111111111111100000000000000022222222222222222000000003333333000000000001111111111111111111111111111111100000022222
222222222222222222222222222222222222222222222220000000000000022222222222222222222222000000000000000000011111111111111111111000000000000000222222222222222220000000003333333000000000111111111111111111111111111111111100000002222
222222220000022222222222222222222222222222222200000000000000022222222222222222222222000000000000000000011111111111111111111000000000000022222222222222222220000000033333333000000000111111111111111111111111111111111100000000222
000000000000000022222222222222222222222222222200000000000000022222222222222222222222000000000000000000011111111111111111110000000000000222222222222222222200000033333333330000000001111111111111111111111111111111111100000000000
000000000000000022222222222222222222222222222000000000000000022222222222222222222222000000000000000000111111111111111111110000000000000222222222222222222200333333333333330000000011111111111111111111111111111111111000000000000
000000000000000000222222222222222222222222220000000000000000002222222222222222222222000000000000000000111111111111111111100000000000002222222222222222222003333333333333330000000111111111111111111111111111111111111000000000000
000000000000000000022222222222222222222222220000000000000000002222222222222222222222000000000000000000111111111111111111100000000000002222222222222222220003333333333333333000001111111111111111111111111111111111111000000000000
000000000000000000000222222222222222222222000000000000000000002222222222222222222222000000000000000001111111111111111111100000000000022222222222222222220033333333333333333000001111111111111111111111111111111111110000000000000
